0.503284 -0.863434 0.0344723 0.710477 0.863827 0.503753 0.00602725 0.542399 -0.0225697 0.0267447 0.999387 0.772435
0.501544 -0.864485 0.0334437 1.10694 0.864869 0.501971 0.00526827 1.30515 -0.0213421 0.0262822 0.999427 0.774497
0.499803 -0.865533 0.0324186 1.50331 0.865906 0.500187 0.00450526 2.06772 -0.0201148 0.0258197 0.999464 0.776557
0.498057 -0.866575 0.0313963 1.89978 0.866938 0.498401 0.00373787 2.83048 -0.0188871 0.025357 0.9995 0.778616
0.49631 -0.867614 0.0303774 2.29623 0.867966 0.496615 0.00296635 3.5932 -0.0176595 0.0248943 0.999534 0.780674
0.494559 -0.868648 0.0293618 2.6926 0.868988 0.494827 0.00219082 4.35575 -0.0164321 0.0244316 0.999566 0.782729
0.492806 -0.869677 0.0283495 3.08899 0.870006 0.493038 0.00141111 5.11833 -0.0152046 0.0239688 0.999597 0.784783
0.49105 -0.870703 0.0273402 3.48544 0.871019 0.491248 0.000627138 5.88104 -0.0139769 0.0235059 0.999626 0.786837
0.48929 -0.871724 0.0263339 3.88199 0.872028 0.489456 -0.000161165 6.64393 -0.0127488 0.0230428 0.999653 0.788889
0.487528 -0.87274 0.0253312 4.27846 0.873031 0.487663 -0.00095341 7.40665 -0.011521 0.0225798 0.999679 0.790939
0.485763 -0.873752 0.024332 4.67482 0.87403 0.485869 -0.00174955 8.16917 -0.0102935 0.0221168 0.999702 0.792987
0.483996 -0.874759 0.0233359 5.07127 0.875023 0.484074 -0.00254997 8.93186 -0.00906569 0.0216536 0.999724 0.795035
0.482225 -0.875762 0.0223431 5.46773 0.876012 0.482277 -0.00335446 9.69454 -0.00783787 0.0211904 0.999745 0.79708
0.480565 -0.87665 0.0232866 5.86351 0.876925 0.48061 -0.00401009 10.4542 -0.0076763 0.0223477 0.999721 0.797994
0.478683 -0.87775 0.0204598 6.26042 0.877971 0.478688 -0.00496788 11.2194 -0.0054333 0.0203412 0.999778 0.801113
0.477284 -0.878556 0.0184031 6.66003 0.878745 0.477243 -0.00686302 11.9922 -0.00275319 0.0194472 0.999807 0.80415
0.475569 -0.879562 0.0143053 7.0597 0.879678 0.475521 -0.0068145 12.7771 -0.000808696 0.0158249 0.999874 0.808607
0.474329 -0.880248 0.0132121 7.46676 0.880347 0.474292 -0.00604467 13.5699 -0.000945582 0.0144984 0.999894 0.812875
0.472888 -0.881008 0.0142354 7.87784 0.881119 0.472871 -0.00474069 14.3707 -0.00255493 0.0147849 0.999887 0.818214
0.471519 -0.881732 0.0147828 8.29461 0.881847 0.471523 -0.00340713 15.1757 -0.00396623 0.0146427 0.999885 0.822177
0.470459 -0.882287 0.0154489 8.71069 0.882411 0.47047 -0.00315605 15.987 -0.00448371 0.0151171 0.999876 0.824526
0.468958 -0.883093 0.0150211 9.13035 0.883212 0.468959 -0.0036732 16.8003 -0.0038005 0.0149894 0.99988 0.826694
0.468012 -0.88358 0.0158237 9.551 0.883718 0.467989 -0.00541075 17.6167 -0.00262447 0.016516 0.99986 0.829166
0.467262 -0.883958 0.016851 9.97676 0.88411 0.467258 -0.00440531 18.4405 -0.00397967 0.0169566 0.999848 0.831259
0.467129 -0.884019 0.0173616 10.4026 0.884154 0.467196 -0.000274735 19.2727 -0.00786838 0.0154786 0.999849 0.836041
0.467689 -0.8837 0.0184801 10.8319 0.883817 0.467821 0.00335548 20.1072 -0.0116106 0.0147637 0.999824 0.841418
0.468863 -0.88303 0.0206372 11.2663 0.883155 0.469052 0.00525927 20.9443 -0.014324 0.01576 0.999773 0.841974
0.470097 -0.882356 0.021373 11.7022 0.882479 0.470312 0.00615442 21.7842 -0.0154824 0.015968 0.999753 0.838399
0.47122 -0.881788 0.02003 12.1397 0.881917 0.471386 0.00429228 22.6258 -0.0132268 0.0156422 0.99979 0.833598
0.472196 -0.881337 0.0166164 12.5794 0.881456 0.472266 0.000316469 23.4717 -0.0081263 0.0144972 0.999862 0.830172
0.473348 -0.880743 0.0152862 13.024 0.880864 0.47336 -0.00306271 24.3217 -0.00453841 0.0149148 0.999878 0.828229
0.474016 -0.880337 0.0177972 13.4755 0.880499 0.474035 -0.00340213 25.1791 -0.00544148 0.0172831 0.999836 0.829133
0.47371 -0.880411 0.0217918 13.9305 0.880621 0.473821 -0.000107113 26.0434 -0.0102311 0.0192411 0.999763 0.829136
0.472828 -0.880752 0.026643 14.3873 0.881038 0.47304 0.00194493 26.9109 -0.0143162 0.0225539 0.999643 0.828507
0.471953 -0.880993 0.0333507 14.8505 0.881509 0.472164 -0.00172676 27.7739 -0.0142257 0.0302139 0.999442 0.823237
0.470705 -0.881635 0.0340171 15.3081 0.882231 0.470771 -0.00652686 28.6409 -0.01026 0.0330832 0.9994 0.81582
0.469498 -0.882378 0.0313101 15.7614 0.882914 0.469427 -0.0100568 29.5153 -0.0058239 0.0323657 0.999459 0.812599
0.467851 -0.883298 0.0300035 16.2241 0.883797 0.467738 -0.0111058 30.4132 -0.004224 0.0317128 0.999488 0.822183
0.466834 -0.883798 0.0311064 16.7072 0.884322 0.466785 -0.0092602 31.3548 -0.00633585 0.0318311 0.999473 0.855516
0.465799 -0.884386 0.0298722 17.1808 0.884841 0.465866 -0.00510241 32.2876 -0.0094039 0.0288088 0.999541 0.881126
0.464629 -0.884993 0.030127 17.6554 0.885444 0.464729 -0.00401181 33.2189 -0.0104505 0.0285398 0.999538 0.904913
0.463646 -0.885495 0.0305236 18.1261 0.885931 0.463814 -0.00173826 34.1412 -0.0126181 0.0278478 0.999533 0.919541
0.463423 -0.885526 0.0329029 18.5975 0.885985 0.463712 0.00131853 35.0666 -0.0164251 0.0285404 0.999458 0.933827
0.462932 -0.885929 0.0286987 19.0536 0.886209 0.463255 0.00543462 35.9843 -0.0181095 0.0229172 0.999573 0.937868
0.462953 -0.885937 0.0281228 19.5128 0.886189 0.463282 0.00620278 36.9001 -0.0185241 0.0220505 0.999585 0.941492
0.46288 -0.885992 0.0275842 19.9701 0.886261 0.463164 0.00460866 37.8039 -0.0168593 0.0223135 0.999609 0.939603
0.463145 -0.885952 0.0242028 20.4202 0.88617 0.463349 0.00327668 38.7056 -0.0141173 0.0199302 0.999702 0.942355
0.462366 -0.886363 0.0240424 20.8736 0.886582 0.462561 0.00300533 39.5999 -0.0137849 0.019926 0.999706 0.949149
0.461154 -0.886922 0.0265771 21.3293 0.887189 0.461394 0.00338187 40.4924 -0.0152619 0.0220193 0.999641 0.953491
0.460352 -0.88733 0.0268639 21.7777 0.887589 0.460617 0.00431695 41.3833 -0.0162045 0.0218567 0.99963 0.960172
0.460141 -0.887535 0.0235066 22.2172 0.887731 0.460346 0.00388124 42.2687 -0.0142659 0.0190816 0.999716 0.965184
0.459651 -0.887864 0.0204658 22.654 0.888053 0.45974 -0.000399462 43.147 -0.00905427 0.0183583 0.99979 0.96775
0.459248 -0.888094 0.019517 23.0951 0.888273 0.459314 -0.00121411 44.0256 -0.0078862 0.017894 0.999809 0.96973
0.458886 -0.888239 0.0213241 23.5388 0.888427 0.459015 0.00132014 44.9041 -0.0109607 0.0183392 0.999772 0.97897
0.458531 -0.88832 0.0252141 23.9807 0.888568 0.458737 0.00272737 45.7768 -0.0139894 0.0211538 0.999678 0.982971
0.458249 -0.888417 0.0268981 24.419 0.888697 0.458485 0.00300995 46.6456 -0.0150065 0.022525 0.999634 0.985481
0.458141 -0.888401 0.0291571 24.8554 0.888766 0.45836 0.000960606 47.5059 -0.0142179 0.0254737 0.999574 0.984918
0.457725 -0.888543 0.0313008 25.2962 0.889006 0.45789 -0.00209638 48.3652 -0.0124696 0.0287862 0.999508 0.983535
0.456669 -0.889023 0.0330363 25.7303 0.88954 0.456852 -0.00220577 49.2218 -0.0131317 0.0303944 0.999452 0.982524
0.455556 -0.889412 0.0376093 26.1675 0.890038 0.455886 0.000222034 50.0818 -0.017343 0.0333726 0.999292 0.979206
0.454854 -0.889582 0.0418448 26.5983 0.890275 0.455403 0.0041447 50.9437 -0.0227433 0.0353682 0.999116 0.971262
0.454281 -0.889879 0.0417669 27.0196 0.890507 0.45492 0.00677398 51.8001 -0.0250286 0.0341165 0.999104 0.962925
0.453043 -0.890625 0.0392323 27.4395 0.891203 0.453573 0.00535717 52.6448 -0.022566 0.0325369 0.999216 0.956476
0.45201 -0.891361 0.0341054 27.8554 0.891895 0.452241 -0.00105802 53.4732 -0.0144808 0.0308967 0.999418 0.94986
0.451231 -0.891887 0.0304644 28.2684 0.892368 0.45127 -0.00598573 54.293 -0.00840908 0.0298864 0.999518 0.948171
0.450045 -0.892618 0.0263001 28.6689 0.892959 0.450128 -0.00301713 55.1142 -0.00914528 0.0248428 0.99965 0.950682
0.449159 -0.893112 0.0246607 29.0675 0.893373 0.449315 0.000907575 55.923 -0.011891 0.0216235 0.999695 0.958575
0.447878 -0.893798 0.0230344 29.4581 0.893989 0.448072 0.00382902 56.7193 -0.0137435 0.0188776 0.999727 0.966564
0.446794 -0.894354 0.0225002 29.8435 0.894544 0.446968 0.00311507 57.5007 -0.0128428 0.0187356 0.999742 0.96914
0.445318 -0.895111 0.0216298 30.2202 0.89527 0.445503 0.00440795 58.2725 -0.0135817 0.0174016 0.999756 0.971796
0.443951 -0.895809 0.020807 30.5906 0.895938 0.444144 0.00553715 59.0324 -0.0142016 0.0161836 0.999768 0.976546
0.442482 -0.896523 0.0213889 30.9563 0.89665 0.442695 0.00631708 59.7803 -0.0151322 0.0163832 0.999751 0.980121
0.441153 -0.897158 0.0221658 31.3167 0.897293 0.441385 0.00668022 60.5176 -0.0157769 0.0169423 0.999732 0.981376
0.439833 -0.897828 0.0212625 31.6668 0.897899 0.440096 0.009632 61.2443 -0.0180054 0.0148552 0.999728 0.982997
0.438648 -0.898394 0.0218323 32.0118 0.898378 0.438989 0.0143436 61.9641 -0.0224703 0.0133219 0.999659 0.982972
0.436914 -0.899266 0.020642 32.3526 0.89917 0.437262 0.0171682 62.6657 -0.0244647 0.0110597 0.99964 0.986447
0.435588 -0.899999 0.0162684 32.676 0.899898 0.435821 0.015592 63.3491 -0.0211229 0.00784821 0.999746 0.990401
0.434618 -0.900536 0.0119226 32.9918 0.90051 0.434731 0.00955262 64.0123 -0.0137856 0.00658466 0.999883 0.994654
0.43336 -0.901165 0.0100176 33.2991 0.901184 0.433416 0.00419068 64.6584 -0.0081183 0.00721165 0.999941 0.99587
0.432949 -0.901381 0.00827237 33.5972 0.901401 0.43298 0.00234436 65.291 -0.00569494 0.00644174 0.999963 1.00136
0.432221 -0.901735 0.00770757 33.8848 0.901725 0.432268 0.00607215 65.9078 -0.00880721 0.00432559 0.999952 1.01319
0.431014 -0.902307 0.00832684 34.1661 0.902265 0.43108 0.0093422 66.5042 -0.0120191 0.0034864 0.999922 1.0306
0.429868 -0.902842 0.00952912 34.4412 0.902843 0.42993 0.00580331 67.0765 -0.00933633 0.00610865 0.999938 1.0425
0.42986 -0.902785 0.0141517 34.7141 0.902884 0.429881 -0.00172662 67.628 -0.00452479 0.0135196 0.999898 1.05187
0.430764 -0.902334 0.0153412 34.9749 0.902464 0.430681 -0.00849074 68.1642 0.00105433 0.0175024 0.999846 1.06408
0.433308 -0.901141 0.0137773 35.2249 0.901244 0.433224 -0.00870676 68.6926 0.00187737 0.0161894 0.999867 1.07639
0.436694 -0.899553 0.0101459 35.4673 0.899609 0.436682 -0.00348129 69.2121 -0.00129892 0.0106476 0.999942 1.09058
0.440705 -0.897562 0.0127338 35.7138 0.89764 0.440727 -0.00119749 69.7119 -0.0045373 0.0119581 0.999918 1.10131
0.445267 -0.895205 0.0185749 35.9664 0.895356 0.44535 0.000340282 70.1946 -0.00857696 0.0164797 0.999827 1.11323
0.452154 -0.891609 0.0243031 36.2145 0.891845 0.452335 0.00226452 70.6648 -0.0130122 0.0206507 0.999702 1.12572
0.461278 -0.88698 0.0221267 36.4514 0.88716 0.461451 0.00315721 71.1207 -0.0130108 0.0181736 0.99975 1.13364
0.474135 -0.880286 0.0170924 36.6789 0.880356 0.474281 0.0055673 71.5684 -0.0130074 0.0124077 0.999838 1.14036
0.489774 -0.871752 0.0130602 36.9114 0.871736 0.489897 0.00877715 71.9987 -0.0140496 0.00708621 0.999876 1.14558
0.508188 -0.861129 0.0141989 37.1562 0.861115 0.508329 0.00909049 72.4054 -0.0150458 0.0076072 0.999858 1.14806
0.529879 -0.847886 0.0178119 37.4102 0.847909 0.530073 0.00855287 72.7918 -0.0166935 0.0105709 0.999805 1.15217
0.553939 -0.832316 0.0200388 37.6704 0.832341 0.554183 0.00946649 73.1644 -0.0189843 0.0114352 0.999754 1.15543
0.580416 -0.81404 0.0213811 37.9382 0.814039 0.580705 0.0110241 73.5244 -0.0213902 0.0110065 0.999711 1.15757
0.609773 -0.792268 0.0221172 38.2169 0.792239 0.61009 0.0121427 73.8671 -0.0231138 0.0101178 0.999682 1.1575
0.641585 -0.766729 0.0222424 38.5051 0.766673 0.64191 0.0128038 74.1944 -0.0240947 0.00883793 0.999671 1.15506
0.675202 -0.737279 0.0228317 38.8053 0.737202 0.675542 0.0132873 74.5 -0.0252202 0.00786001 0.999651 1.15412
0.710393 -0.703498 0.0208086 39.1146 0.703373 0.710682 0.0140418 74.782 -0.0246667 0.004661 0.999685 1.15559
0.747152 -0.664378 0.0191339 39.4354 0.664251 0.747392 0.0132648 75.0396 -0.0231134 0.00279893 0.999729 1.156
0.784168 -0.620273 0.0185068 39.7667 0.620148 0.784384 0.012545 75.2709 -0.0222978 0.00163962 0.99975 1.15228
0.82016 -0.571861 0.0176762 40.1064 0.571728 0.82035 0.0123397 75.4758 -0.0215572 -1.45333e-05 0.999768 1.14557
0.854501 -0.519177 0.0168189 40.4538 0.519048 0.854666 0.0116326 75.6537 -0.020414 -0.00121026 0.999791 1.13797
0.886216 -0.462951 0.017243 40.8101 0.462865 0.886384 0.00890949 75.8005 -0.0194086 8.54516e-05 0.999812 1.13232
0.91411 -0.40509 0.0174733 41.1702 0.405008 0.914277 0.00817745 75.9243 -0.019288 -0.000398272 0.999814 1.13071
0.938021 -0.346022 0.0196061 41.5367 0.345923 0.938226 0.00834818 76.025 -0.0212836 -0.00104857 0.999773 1.12842
0.957908 -0.286232 0.021983 41.9111 0.286058 0.958152 0.0107739 76.1029 -0.0241469 -0.00403206 0.9997 1.12217
0.973808 -0.226135 0.0236832 42.2865 0.225932 0.974082 0.010957 76.1556 -0.0255472 -0.00531921 0.999659 1.11411
0.985751 -0.166518 0.0237963 42.6655 0.166369 0.98603 0.00810082 76.1779 -0.0248128 -0.00402643 0.999684 1.1051
0.993769 -0.108801 0.0241835 43.0418 0.108776 0.994063 0.00235731 76.1768 -0.0242964 0.000287963 0.999705 1.09745
0.998289 -0.0534752 0.0236633 43.416 0.0533979 0.998566 0.00388742 76.1636 -0.0238372 -0.0026172 0.999712 1.09258
0.999726 0.000700234 0.0233924 43.3996 -0.000901151 0.999963 0.00857954 76.123 -0.0233855 -0.00859827 0.99969 1.09483
0.998427 0.0513613 0.0225048 43.3817 -0.0516055 0.998613 0.0104046 76.0839 -0.0219392 -0.0115496 0.999693 1.09695
0.995 0.0975045 0.0216142 43.3634 -0.0976229 0.995213 0.00449212 76.043 -0.0210727 -0.0065797 0.999756 1.09611
0.989938 0.139744 0.0222327 43.3463 -0.139551 0.990164 -0.0100372 75.9991 -0.0234167 0.00683357 0.999702 1.08989
0.983969 0.176771 0.0236049 43.3308 -0.176421 0.984182 -0.016183 75.9663 -0.0260923 0.0117592 0.99959 1.08606
0.977418 0.210212 0.0215639 43.706 -0.209961 0.977619 -0.013331 75.9586 -0.0238836 0.00850241 0.999679 1.08039
0.970272 0.241178 0.0201108 44.0834 -0.241197 0.970475 -0.00154721 75.9382 -0.0198902 -0.00334945 0.999797 1.07842
0.962809 0.269513 0.0190298 44.4559 -0.269661 0.962939 0.00564699 75.8904 -0.0168026 -0.0105686 0.999803 1.0763
0.955514 0.294455 0.0169702 44.8303 -0.294583 0.95561 0.00549768 75.8154 -0.0145981 -0.0102522 0.999841 1.07267
0.94818 0.317448 0.0134872 45.2006 -0.317486 0.948263 0.000724108 75.7249 -0.0125595 -0.00496857 0.999909 1.06702
0.94152 0.336934 0.00383876 45.5731 -0.336915 0.941523 -0.00477382 75.6328 -0.00522274 0.00320131 0.999981 1.0604
0.934693 0.35543 -0.00438652 45.9488 -0.355446 0.93469 -0.00358807 75.5407 0.00282473 0.00491292 0.999984 1.05934
0.928186 0.372088 -0.00458592 46.3315 -0.372094 0.928195 -0.000557145 75.4352 0.00404932 0.00222353 0.999989 1.05989
0.922286 0.386504 0.00167935 46.7237 -0.386505 0.922287 0.000442812 75.3085 -0.0013777 -0.00105748 0.999999 1.05378
0.91649 0.400022 0.00527562 47.1148 -0.400023 0.916505 -0.000873649 75.1639 -0.00518461 -0.00130968 0.999986 1.0464
0.910944 0.412478 0.00659334 47.5128 -0.412463 0.910967 -0.00353964 74.9998 -0.00746634 0.000504901 0.999972 1.02079
0.90594 0.423367 0.00577645 47.9177 -0.423326 0.90595 -0.00711225 74.8318 -0.00824427 0.00399795 0.999958 0.994878
0.901426 0.432916 0.0038176 48.3339 -0.432865 0.901407 -0.00966894 74.6572 -0.00762704 0.00706333 0.999946 0.987429
0.897647 0.44071 0.00223751 48.7601 -0.440661 0.897604 -0.01123 74.471 -0.00695757 0.00909459 0.999934 0.996318
0.894941 0.446182 0.00121058 49.1919 -0.446134 0.894878 -0.0125573 74.2714 -0.00668617 0.010698 0.99992 1.0045
0.892315 0.451414 -0.000414951 49.6301 -0.451379 0.892233 -0.0132829 74.0594 -0.00562584 0.0120398 0.999912 1.00954
0.889428 0.457074 -0.00139389 50.0757 -0.457051 0.889345 -0.0130421 73.8344 -0.00472156 0.0122371 0.999914 1.00985
0.887265 0.461253 -0.00249977 50.5338 -0.461235 0.88715 -0.0150448 73.5966 -0.00472177 0.0145017 0.999884 1.00753
0.885608 0.464423 -0.00316325 51.0046 -0.464408 0.885466 -0.0165855 73.3491 -0.00490176 0.0161573 0.999857 1.00533
0.883972 0.467527 -0.00332678 51.4882 -0.467509 0.883812 -0.0176289 73.0902 -0.00530173 0.0171387 0.999839 1.00184
0.882472 0.470351 -0.0035266 51.9859 -0.470327 0.882283 -0.0192181 72.8226 -0.00592781 0.0186181 0.999809 0.994811
0.881764 0.471659 -0.00544906 52.5007 -0.471651 0.881479 -0.0232392 72.543 -0.00615774 0.0230615 0.999715 0.985124
0.881821 0.47153 -0.00713158 53.0324 -0.471541 0.881437 -0.0267935 72.252 -0.00634791 0.02699 0.999616 0.979249
0.882598 0.470059 -0.00803764 53.5738 -0.470084 0.882156 -0.0286666 71.9484 -0.00638456 0.0290795 0.999557 0.973065
0.884037 0.467319 -0.00953922 54.1334 -0.467379 0.883523 -0.03073 71.6369 -0.0059326 0.0316249 0.999482 0.968187
0.885769 0.464022 -0.00985964 54.7063 -0.464089 0.885224 -0.0316099 71.3129 -0.00593969 0.0325748 0.999452 0.962893
0.88752 0.460681 -0.00907652 55.2933 -0.460709 0.886911 -0.0336883 70.9794 -0.00746949 0.0340807 0.999391 0.95637
0.889304 0.457249 -0.0078632 55.8912 -0.457232 0.888677 -0.0345282 70.635 -0.00880015 0.0343014 0.999373 0.94877
0.891152 0.45368 -0.00465068 56.5088 -0.453572 0.8906 -0.0332324 70.2867 -0.010935 0.0317246 0.999437 0.9413
0.892964 0.450118 -0.00308567 57.1407 -0.449967 0.89244 -0.0328716 69.9325 -0.0120423 0.0307416 0.999455 0.934585
0.894754 0.446551 -0.0026992 57.7871 -0.44642 0.894306 -0.0304281 69.5721 -0.0111738 0.0284306 0.999533 0.930162
0.896258 0.443509 -0.00452746 58.45 -0.44346 0.895881 -0.0272158 69.2119 -0.00801441 0.0264002 0.999619 0.932746
0.896887 0.4422 -0.0073302 59.125 -0.442255 0.896671 -0.0197674 68.8506 -0.00216837 0.020971 0.999778 0.938557
0.896741 0.44247 -0.00868852 59.818 -0.442555 0.896597 -0.016114 68.4834 0.000660128 0.0182952 0.999832 0.938244
0.896771 0.442427 -0.0077292 60.5204 -0.442494 0.896664 -0.0138651 68.1145 0.000796214 0.0158539 0.999874 0.934236
0.896735 0.44255 -0.00391315 61.2359 -0.442563 0.896651 -0.0124756 67.7444 -0.00201234 0.0129191 0.999915 0.927842
0.896665 0.442693 -0.00372975 61.9546 -0.442701 0.896569 -0.013429 67.3739 -0.00260096 0.0136925 0.999903 0.922773
0.896743 0.442549 -0.00169503 62.6836 -0.442536 0.896669 -0.012117 67.0065 -0.0038425 0.011616 0.999925 0.915026
0.8966 0.442841 -0.000802178 63.4139 -0.442823 0.896545 -0.0106759 66.636 -0.00400853 0.00992723 0.999943 0.911759
0.896632 0.442777 -0.000283848 64.1454 -0.442764 0.896602 -0.00809987 66.2657 -0.00333193 0.00738828 0.999967 0.919467
0.896103 0.443845 0.000117461 64.8759 -0.443839 0.896093 -0.00494368 65.896 -0.00229949 0.00437792 0.999988 0.933877
0.894887 0.446291 0.0015705 65.6047 -0.446287 0.894887 -0.00238076 65.5229 -0.00246793 0.00142961 0.999996 0.944089
0.893168 0.449705 0.00407367 66.3326 -0.449707 0.893176 -0.000547683 65.1474 -0.0038848 -0.00134278 0.999992 0.953587
0.890962 0.454016 0.00744037 67.0594 -0.454031 0.890986 0.000273789 64.7694 -0.00650496 -0.00362209 0.999972 0.964422
0.888063 0.459598 0.0106591 67.784 -0.459634 0.888108 0.00111529 64.3948 -0.00895388 -0.00588975 0.999943 0.970607
0.884616 0.466183 0.0113023 68.5055 -0.466229 0.884662 0.00172546 64.0196 -0.00919434 -0.00679583 0.999935 0.977194
0.880521 0.473882 0.0108824 69.2252 -0.473936 0.880555 0.0028671 63.6456 -0.00822384 -0.00768208 0.999937 0.986296
0.875687 0.482772 0.0101297 69.9415 -0.482821 0.875714 0.0029231 63.2677 -0.00745955 -0.00745056 0.999944 0.996415
0.87068 0.491739 0.010435 70.658 -0.491781 0.870717 0.00175286 62.887 -0.00822397 -0.00665791 0.999944 1.00747
0.8653 0.501103 0.0123362 71.3721 -0.501161 0.865352 0.00196827 62.5018 -0.00968888 -0.00788559 0.999922 1.01692
0.859634 0.510755 0.0125957 72.0796 -0.510804 0.859697 0.000765655 62.1105 -0.0104374 -0.00709211 0.99992 1.02329
0.853883 0.520312 0.0126059 72.7802 -0.520359 0.853947 0.000536795 61.7172 -0.0104855 -0.00701796 0.99992 1.02737
0.84805 0.529776 0.0121735 73.475 -0.529824 0.848107 0.000893767 61.3158 -0.00985092 -0.00720776 0.999925 1.03204
0.842287 0.538906 0.0115776 74.1623 -0.538959 0.84233 0.00186268 60.9119 -0.00874834 -0.00780875 0.999931 1.04005
0.836642 0.547649 0.0105071 74.8408 -0.547695 0.836676 0.00194065 60.5041 -0.00772822 -0.0073783 0.999943 1.04799
0.831328 0.555699 0.00961705 75.5153 -0.555737 0.831356 0.00175505 60.088 -0.00701991 -0.00680358 0.999952 1.05184
0.825912 0.563726 0.00907351 76.1808 -0.563761 0.825937 0.0015821 59.6663 -0.00660227 -0.00642196 0.999958 1.05465
0.820487 0.571596 0.00884968 76.8373 -0.571627 0.820512 0.00125124 59.2414 -0.00654607 -0.00608535 0.99996 1.05748
0.81544 0.578779 0.00848566 77.4867 -0.578801 0.815469 8.59601e-05 58.811 -0.00687004 -0.0049816 0.999964 1.05867
0.811016 0.584957 0.00883114 78.1267 -0.584966 0.811056 -0.00187593 58.3777 -0.00825989 -0.0036445 0.999959 1.05889
0.807808 0.589382 0.00867291 78.7562 -0.58936 0.807854 -0.00509857 57.9414 -0.0100114 -0.000992799 0.999949 1.05981
0.805348 0.59274 0.00859273 79.3756 -0.592679 0.805392 -0.00871525 57.5021 -0.0120864 0.00192609 0.999925 1.06212
0.803554 0.595168 0.00872433 79.9869 -0.595077 0.803593 -0.0110433 57.0647 -0.0135834 0.00368226 0.999901 1.06441
0.802451 0.596648 0.00906671 80.5874 -0.596544 0.802492 -0.0118776 56.626 -0.0143627 0.00412247 0.999888 1.0695
0.801807 0.597518 0.00882531 81.1775 -0.59741 0.801843 -0.0122068 56.1874 -0.0143703 0.0045152 0.999887 1.07632
0.802159 0.597064 0.00737066 81.7552 -0.596961 0.802174 -0.0123962 55.7512 -0.0133139 0.00554377 0.999896 1.08636
0.803792 0.594883 0.00574245 82.3278 -0.594787 0.803784 -0.0126595 55.3164 -0.0121466 0.0067601 0.999903 1.0929
0.806624 0.591044 0.00494145 82.8924 -0.590957 0.806609 -0.0123398 54.8884 -0.0112792 0.00703338 0.999912 1.09717
0.811067 0.584934 0.00477193 83.4458 -0.584857 0.811055 -0.0115412 54.4708 -0.0106212 0.00656983 0.999922 1.10034
0.817271 0.576232 0.00489457 83.9918 -0.576163 0.817265 -0.0106769 54.0612 -0.0101526 0.00590589 0.999931 1.10205
0.824868 0.565305 0.00485421 84.5241 -0.565239 0.824862 -0.0103981 53.6618 -0.00988212 0.00583324 0.999934 1.10262
0.834152 0.551519 0.00416128 85.0441 -0.551471 0.834147 -0.00890796 53.2766 -0.00838402 0.00513577 0.999952 1.10463
0.845233 0.534392 0.00236268 85.5533 -0.534368 0.845225 -0.00666431 52.9082 -0.00555835 0.00437036 0.999975 1.10829
0.857705 0.514142 0.000253802 86.0502 -0.514137 0.857699 -0.00384318 52.5596 -0.00219362 0.00316582 0.999993 1.1134
0.871652 0.490125 -0.000804 86.5369 -0.490126 0.87165 -0.00188358 52.2276 -0.000222384 0.00203589 0.999998 1.11871
0.887029 0.461714 -0.000495813 87.0129 -0.461715 0.887028 -0.00108784 51.9154 -6.24734e-05 0.00119387 0.999999 1.12357
0.903569 0.42844 0.00130972 87.4818 -0.428437 0.903569 -0.00195541 51.627 -0.0020212 0.00120572 0.999997 1.1249
0.920583 0.390519 0.00465931 87.9527 -0.390511 0.920595 -0.00258072 51.3575 -0.00529715 0.000556252 0.999986 1.12791
0.937074 0.349002 0.00952013 88.4243 -0.348992 0.937122 -0.00276528 51.1045 -0.00988661 -0.000731178 0.999951 1.12981
0.952783 0.303323 0.0141407 88.8974 -0.303339 0.952882 -0.00104164 50.8674 -0.0137904 -0.00329696 0.9999 1.13223
0.967247 0.253282 0.0167878 89.372 -0.253335 0.967378 0.00112241 50.6486 -0.0159559 -0.0053386 0.999858 1.13776
0.979909 0.198713 0.0171003 89.8465 -0.198769 0.980045 0.00164964 50.4489 -0.0164312 -0.0050155 0.999852 1.14641
0.990183 0.139008 0.0146313 90.7759 -0.139004 0.990291 -0.00132917 50.074 -0.014674 -0.000717681 0.999892 1.16924
0.997147 0.0748363 0.00990862 91.2585 -0.0748113 0.997194 -0.00287524 49.9425 -0.010096 0.00212576 0.999947 1.18277
0.999957 0.00835264 0.00403121 91.7387 -0.00832947 0.999949 -0.00573106 49.8442 -0.00407887 0.00569723 0.999975 1.19665
0.998233 -0.059423 -0.00021208 92.2143 0.0594216 0.998224 -0.00423819 49.7751 0.00046355 0.0042181 0.999991 1.20487
0.991856 -0.127315 -0.00353001 92.6854 0.127305 0.991859 -0.00292385 49.7312 0.00387352 0.00245065 0.999989 1.21152
0.980802 -0.194918 -0.00579607 93.1497 0.194896 0.980815 -0.00410918 49.7163 0.00648582 0.00290067 0.999975 1.21434
0.965359 -0.260874 -0.00519441 93.6114 0.260842 0.965362 -0.00617384 49.7311 0.00662508 0.00460505 0.999967 1.2144
0.945643 -0.325204 -0.00100281 94.0684 0.325193 0.94563 -0.00584929 49.7822 0.00285049 0.00520523 0.999982 1.20984
0.921687 -0.3879 0.00526859 94.5195 0.387923 0.921681 -0.00446139 49.8663 -0.00312539 0.00615581 0.999976 1.20455
0.894489 -0.446978 0.0100199 94.9614 0.447017 0.894523 -0.00197804 49.9788 -0.00807887 0.00624839 0.999948 1.2034
0.865052 -0.501445 0.0154429 95.394 0.501491 0.865162 0.000964941 50.1177 -0.0138445 0.00690976 0.99988 1.20687
0.835033 -0.549892 0.0183836 95.8133 0.549886 0.835219 0.00581752 50.283 -0.0185533 0.00525106 0.999814 1.21668
0.806082 -0.591504 0.0188457 96.2183 0.591439 0.806295 0.00942449 50.472 -0.0207698 0.0035492 0.999778 1.23183
0.779605 -0.626058 0.0163748 96.6106 0.625848 0.779773 0.0164056 50.6898 -0.0230395 -0.00254172 0.999731 1.24558
0.755764 -0.654731 0.012219 96.994 0.654506 0.755841 0.0180287 50.9245 -0.0210396 -0.00562805 0.999763 1.25902
0.733915 -0.679172 0.00974195 97.3701 0.678953 0.733946 0.0185945 51.1831 -0.0197789 -0.00703245 0.99978 1.271
0.717347 -0.696588 0.0133609 97.7419 0.696453 0.717471 0.0136905 51.4565 -0.0191227 -0.000515616 0.999817 1.27386
0.70578 -0.708254 0.0158225 98.1073 0.708162 0.705952 0.0118032 51.7564 -0.0195296 0.00287446 0.999805 1.26868
0.69637 -0.717566 0.012937 98.4594 0.717434 0.69649 0.013806 52.0727 -0.0189172 -0.000332619 0.999821 1.25861
0.689197 -0.724519 0.00892816 98.8103 0.724325 0.689231 0.0177148 52.4013 -0.0189883 -0.00574207 0.999803 1.24897
0.684581 -0.72893 0.0030194 99.1586 0.728722 0.684474 0.0214567 52.7378 -0.0177071 -0.0124885 0.999765 1.24708
0.682447 -0.730926 -0.00361035 99.5043 0.730801 0.68222 0.0224837 53.083 -0.0139709 -0.0179824 0.999741 1.25174
0.681774 -0.731536 -0.00625766 99.8544 0.731467 0.681522 0.0219774 53.4406 -0.0118125 -0.0195609 0.999739 1.24537
0.683368 -0.730039 -0.00716525 100.211 0.730018 0.68316 0.0191219 53.8089 -0.0090647 -0.018298 0.999791 1.23206
0.686464 -0.727103 -0.00938817 100.569 0.72716 0.686364 0.01191 54.1825 -0.00221612 -0.0150025 0.999885 1.22622
0.689542 -0.724148 -0.0119116 100.935 0.724239 0.689512 0.00712988 54.569 0.00305009 -0.0135432 0.999904 1.22277
0.69272 -0.721049 -0.015069 101.308 0.721203 0.692637 0.0110067 54.9675 0.00250092 -0.0184924 0.999826 1.22307
0.696815 -0.717082 -0.0155479 101.692 0.717249 0.696608 0.0170418 55.3743 -0.00138954 -0.0230267 0.999734 1.21921
0.700382 -0.71368 -0.0112102 102.092 0.713744 0.700141 0.0192934 55.7866 -0.0059206 -0.021514 0.999751 1.20565
0.703079 -0.711095 -0.00484355 102.498 0.711014 0.702853 0.0213612 56.2059 -0.0117855 -0.0184624 0.99976 1.1923
0.705561 -0.70865 -0.00018847 102.914 0.708453 0.705359 0.0237199 56.6389 -0.0166762 -0.0168694 0.999719 1.18933
0.70786 -0.706343 0.00373056 103.336 0.706123 0.707754 0.0217751 57.0779 -0.018021 -0.0127795 0.999756 1.19364
0.708311 -0.705884 0.00494245 103.77 0.705734 0.708278 0.0168115 57.5175 -0.0153676 -0.00841972 0.999846 1.20331
0.708178 -0.706029 0.00256894 104.214 0.705971 0.708158 0.0108213 57.96 -0.00945941 -0.00584984 0.999938 1.21633
0.707778 -0.70643 -0.00272882 104.664 0.706434 0.707763 0.00486143 58.4108 -0.00150291 -0.00536854 0.999985 1.22819
0.706125 -0.708045 -0.00777853 105.122 0.708081 0.706123 0.00351422 58.8733 0.00300437 -0.00798931 0.999964 1.23088
0.704315 -0.709869 -0.00505805 105.596 0.709887 0.70429 0.00596045 59.3414 -0.000668811 -0.00778868 0.999969 1.2226
0.703044 -0.711144 0.00189985 106.079 0.711102 0.703028 0.00924437 59.8174 -0.00790972 -0.00514821 0.999955 1.208
0.701173 -0.71297 0.00553636 106.564 0.712838 0.701162 0.0152713 60.307 -0.0147699 -0.00676132 0.999868 1.19297
0.699795 -0.714337 0.003183 107.055 0.714196 0.699733 0.0172501 60.8019 -0.0145496 -0.00979824 0.999846 1.18715
0.698437 -0.715663 -0.00355265 107.551 0.715603 0.698292 0.017337 61.3046 -0.00992669 -0.0146511 0.999843 1.1955
0.69584 -0.718159 -0.00742252 108.058 0.718183 0.695724 0.0134722 61.8162 -0.00451117 -0.0147052 0.999882 1.21174
0.692861 -0.721018 -0.00872216 108.573 0.72107 0.692791 0.00991408 62.3365 -0.0011056 -0.0131584 0.999913 1.22489
0.690097 -0.723688 -0.00650103 109.093 0.723713 0.690033 0.00972389 62.8702 -0.00255114 -0.0114153 0.999932 1.22196
0.687464 -0.726214 -0.00261907 109.618 0.726208 0.68743 0.0079381 63.413 -0.00396433 -0.00735914 0.999965 1.21064
0.68604 -0.727564 5.62416e-05 110.693 0.727532 0.68601 0.00937414 64.5169 -0.00685887 -0.00639012 0.999956 1.19447
0.684879 -0.728648 0.00373273 111.243 0.728596 0.684878 0.00951302 65.0838 -0.00948811 -0.00379561 0.999948 1.19567
0.684369 -0.729088 0.00837699 111.798 0.729055 0.684419 0.00698828 65.6552 -0.0108284 0.00132473 0.99994 1.20027
0.683894 -0.72953 0.00862039 112.357 0.72948 0.683948 0.00856963 66.2415 -0.0121477 0.000427687 0.999926 1.20724
0.684245 -0.729239 0.00433499 112.923 0.729178 0.684248 0.0102493 66.8441 -0.0104404 -0.00385205 0.999938 1.21298
0.684698 -0.728824 -0.00182606 113.49 0.728791 0.684637 0.0116759 67.4476 -0.00725946 -0.00932525 0.99993 1.21884
0.685245 -0.728265 -0.00833413 114.06 0.72829 0.685088 0.0157777 68.0609 -0.00578074 -0.0168812 0.999841 1.22397
0.687103 -0.726438 -0.0133172 114.63 0.726532 0.6868 0.0213873 68.6786 -0.00639032 -0.0243706 0.999683 1.2233
0.689482 -0.724164 -0.0141945 115.208 0.724245 0.689047 0.0261361 69.2997 -0.00914616 -0.0283006 0.999558 1.21752
0.691292 -0.722424 -0.0147982 115.789 0.722524 0.690855 0.0260375 69.919 -0.00858669 -0.0286916 0.999551 1.21328
0.6928 -0.720943 -0.0164204 116.371 0.72111 0.692431 0.0232377 70.5439 -0.00538312 -0.02794 0.999595 1.21679
0.693528 -0.72035 -0.0106609 116.963 0.720402 0.693297 0.0189984 71.1683 -0.00629433 -0.0208561 0.999763 1.22031
0.69384 -0.720106 -0.00582413 117.562 0.720103 0.693724 0.014104 71.7896 -0.00611601 -0.0139799 0.999884 1.2207
0.694905 -0.719087 -0.00456677 118.16 0.719075 0.694812 0.0129308 72.4162 -0.00612531 -0.0122695 0.999906 1.21604
0.695651 -0.718355 -0.00595578 118.767 0.718336 0.695494 0.016784 73.0546 -0.00791468 -0.0159541 0.999841 1.2093
0.696309 -0.717729 -0.00431309 119.376 0.717623 0.696071 0.0223875 73.6878 -0.0130659 -0.0186838 0.99974 1.20395
0.696999 -0.717062 -0.00367498 119.981 0.716816 0.696605 0.0302499 74.3231 -0.019131 -0.0237184 0.999536 1.20041
0.697919 -0.716149 -0.00639375 120.582 0.716053 0.697604 0.0248192 74.9497 -0.013314 -0.0219001 0.999671 1.20214
0.698273 -0.715745 -0.0111355 121.179 0.715832 0.69819 0.0107618 75.5692 7.19628e-05 -0.0154858 0.99988 1.21099
0.69799 -0.715968 -0.0141238 121.779 0.71602 0.698077 -0.0018156 76.184 0.0111594 -0.00884568 0.999899 1.22241
0.697376 -0.716638 -0.00981773 122.379 0.716685 0.697395 0.00194336 76.7951 0.00545415 -0.00839147 0.99995 1.21997
0.696416 -0.717614 0.0058805 122.992 0.717457 0.696401 0.016788 77.4061 -0.0161425 -0.00747242 0.999842 1.20102
0.695195 -0.718606 0.0175905 123.604 0.718019 0.695368 0.0302113 78.013 -0.0339419 -0.00837239 0.999389 1.18884
0.694823 -0.719057 0.0133444 124.202 0.718586 0.694884 0.0277578 78.6126 -0.0292322 -0.00969763 0.999526 1.21062
0.6942 -0.719781 -0.000658718 124.79 0.719653 0.694059 0.0194993 79.2119 -0.013578 -0.0140105 0.99981 1.25687
0.693442 -0.720485 -0.00626794 125.384 0.720499 0.69335 0.0121499 79.8091 -0.00440793 -0.0129413 0.999907 1.29178
0.692099 -0.721789 -0.00440367 125.975 0.721798 0.692057 0.00805139 80.4019 -0.00276381 -0.00875092 0.999958 1.27982
0.690135 -0.723677 -0.00226695 126.562 0.723654 0.690079 0.0107228 80.9956 -0.00619546 -0.00904066 0.99994 1.24412
0.687582 -0.726101 -0.00281763 127.148 0.726092 0.687539 0.00895109 81.5842 -0.00456217 -0.00820048 0.999956 1.22157
0.68406 -0.729413 -0.0043834 127.733 0.729423 0.684026 0.00715087 82.1738 -0.00221758 -0.00808898 0.999965 1.22361
0.681703 -0.731593 -0.00725304 128.307 0.731622 0.681619 0.011148 82.7744 -0.00321196 -0.0129061 0.999912 1.2276
0.68005 -0.733051 -0.0129808 128.872 0.733165 0.679909 0.0139196 83.3712 -0.00137797 -0.0189831 0.999819 1.21885
0.67867 -0.734322 -0.013339 129.44 0.734434 0.678455 0.0174679 83.9646 -0.00377715 -0.0216516 0.999758 1.20091
0.677612 -0.735358 -0.00947762 130.002 0.735371 0.677363 0.020222 84.5624 -0.00845059 -0.0206722 0.999751 1.1921
0.676648 -0.736261 -0.00823342 130.562 0.736251 0.676417 0.0198697 85.1596 -0.00906002 -0.0195066 0.999769 1.18087
0.674779 -0.737967 -0.0087657 131.12 0.737999 0.674625 0.0154428 85.7544 -0.0054827 -0.0168895 0.999842 1.18318
0.671479 -0.740991 -0.00698662 131.679 0.741019 0.671412 0.00985901 86.3477 -0.00261454 -0.0117973 0.999927 1.18718
0.66664 -0.745359 -0.00556148 132.235 0.74538 0.666615 0.00574431 86.9422 -0.000574209 -0.0079748 0.999968 1.18752
0.661583 -0.749868 -0.00250283 132.788 0.749856 0.661544 0.00866516 87.5454 -0.00484199 -0.00760949 0.999959 1.17954
0.656858 -0.754005 0.00365328 133.339 0.75389 0.65683 0.0149625 88.143 -0.0136814 -0.00707409 0.999881 1.16545
0.653505 -0.756834 0.0115769 133.89 0.756588 0.653595 0.0197003 88.7475 -0.0224765 -0.00411524 0.999739 1.15591
0.650338 -0.759597 0.00849391 134.425 0.759183 0.650292 0.027575 89.3617 -0.0264695 -0.0114847 0.999584 1.16156
0.647029 -0.762458 0.00331521 134.956 0.762155 0.646884 0.0257152 89.9715 -0.0217514 -0.0141118 0.999664 1.17787
0.641802 -0.766867 -0.00232575 135.475 0.766783 0.64168 0.0170475 90.5852 -0.0115808 -0.0127245 0.999852 1.18913
0.636788 -0.771031 -0.00365604 135.992 0.771024 0.636737 0.00939882 91.2004 -0.00491884 -0.00880395 0.999949 1.18674
0.631632 -0.775265 -0.00238205 136.506 0.775252 0.631595 0.00853822 91.8225 -0.00511489 -0.0072397 0.999961 1.17166
0.625585 -0.780135 -0.00563969 137.019 0.780105 0.625445 0.0159821 92.4473 -0.00894086 -0.0143977 0.999856 1.15077
0.619425 -0.784982 -0.0107686 137.529 0.785014 0.619193 0.0187637 93.0762 -0.00806135 -0.0200762 0.999766 1.1364
0.611647 -0.790969 -0.0159761 138.037 0.791127 0.611457 0.0154804 93.7088 -0.00247586 -0.0221077 0.999753 1.13856
0.604769 -0.796231 -0.0164353 138.545 0.796401 0.604651 0.0119505 94.3488 0.000422265 -0.0203164 0.999794 1.14546
0.598301 -0.801115 -0.0158089 139.047 0.80127 0.598161 0.0130043 94.9968 -0.000961743 -0.0204477 0.99979 1.1411
0.591972 -0.805822 -0.0148115 139.55 0.80592 0.591666 0.0205886 95.6462 -0.00782725 -0.0241247 0.999678 1.12748
0.585459 -0.810574 -0.0143841 140.047 0.810587 0.584986 0.0271954 96.2999 -0.0136294 -0.0275813 0.999527 1.11443
0.579275 -0.815044 -0.0119648 140.543 0.814943 0.578763 0.0300314 96.9597 -0.0175522 -0.0271471 0.999477 1.10877
0.57404 -0.818751 -0.0111549 141.025 0.818603 0.573512 0.0311866 97.6273 -0.0191366 -0.0270338 0.999451 1.10773
0.570412 -0.82128 -0.0113484 141.503 0.82116 0.569917 0.029825 98.2984 -0.018027 -0.0263314 0.999491 1.11116
0.566748 -0.823695 -0.0179687 141.971 0.823804 0.566239 0.0268245 98.9677 -0.0119206 -0.0300054 0.999479 1.11718
0.5638 -0.82548 -0.026702 142.436 0.825887 0.563242 0.025871 99.6404 -0.00631631 -0.0366389 0.999309 1.11924
0.561522 -0.826938 -0.0294335 142.9 0.827457 0.561046 0.0232704 100.317 -0.0027296 -0.0374218 0.999296 1.11673
0.55894 -0.828737 -0.027945 143.364 0.829165 0.558246 0.0291214 101.002 -0.00853376 -0.0394481 0.999185 1.10275
0.55712 -0.830057 -0.0249427 143.82 0.830239 0.556092 0.0382733 101.694 -0.0178986 -0.0420312 0.998956 1.08271
0.554379 -0.831986 -0.021538 144.274 0.831852 0.553104 0.0457986 102.388 -0.026191 -0.0433062 0.998718 1.06453
0.550436 -0.834614 -0.0209936 144.732 0.834527 0.549301 0.0428198 103.08 -0.0242062 -0.0410892 0.998862 1.06182
0.546114 -0.837544 -0.0167311 145.188 0.837561 0.545528 0.0298439 103.77 -0.0158683 -0.0303114 0.999415 1.06346
0.540354 -0.841288 -0.0158664 145.641 0.841394 0.540039 0.020314 104.46 -0.00852149 -0.0243266 0.999668 1.06599
0.534517 -0.844957 -0.0184232 146.087 0.845099 0.534094 0.0234955 105.157 -0.010013 -0.0281281 0.999554 1.05211
0.528255 -0.848963 -0.0144644 146.539 0.848954 0.527795 0.0266323 105.849 -0.0149756 -0.0263483 0.999541 1.02811
0.521929 -0.852946 -0.00859364 146.988 0.85276 0.521529 0.028426 106.544 -0.019764 -0.0221647 0.999559 0.998443
0.51696 -0.856009 -0.000296134 147.43 0.855725 0.516779 0.0259549 107.243 -0.0220646 -0.013671 0.999663 0.979605
0.51174 -0.859131 0.00403089 147.868 0.858834 0.511677 0.0243098 107.949 -0.0229478 -0.00897842 0.999696 0.972299
0.506534 -0.862209 0.00424136 148.305 0.862041 0.506523 0.0178718 108.653 -0.0175576 -0.00539645 0.999831 0.969625
0.500526 -0.865702 0.00573945 148.739 0.86569 0.500554 0.0052588 109.361 -0.00742546 0.00233641 0.99997 0.963821
0.494549 -0.869065 0.0121541 149.175 0.86915 0.494495 -0.00733257 110.075 0.000362338 0.01419 0.999899 0.955923
0.488947 -0.872196 0.0143234 149.601 0.872282 0.489004 0.000489938 110.807 -0.00743152 0.0122545 0.999897 0.934675
0.484198 -0.874875 0.0120987 150.019 0.874721 0.484343 0.016573 111.543 -0.0203592 0.00255833 0.999789 0.905696
0.479777 -0.877323 0.0109338 150.44 0.876904 0.479888 0.0273332 112.274 -0.0292271 -0.00352594 0.999567 0.887839
0.476318 -0.879212 0.0103522 150.854 0.878839 0.47642 0.0258161 113.008 -0.0276298 -0.00319875 0.999613 0.887975
0.474836 -0.880064 0.00415049 151.255 0.879906 0.474833 0.0172775 113.748 -0.0171761 -0.00455196 0.999842 0.899782
0.472514 -0.881267 -0.00997238 151.645 0.881294 0.472376 0.013436 114.493 -0.00712994 -0.0151373 0.99986 0.912025
0.470778 -0.882171 -0.0119553 152.042 0.882244 0.470676 0.0104341 115.236 -0.00357755 -0.0154597 0.999874 0.899465
0.468357 -0.883526 -0.00480714 152.442 0.883512 0.468292 0.0104458 115.985 -0.00697799 -0.00913952 0.999934 0.86878
0.46793 -0.883766 -0.000426438 152.837 0.883621 0.467844 0.0183311 116.741 -0.0160009 -0.00895446 0.999832 0.837597
0.468145 -0.883651 0.00103067 153.233 0.883369 0.468025 0.0247344 117.499 -0.022339 -0.0106689 0.999694 0.822195
0.466708 -0.88441 0.001432 153.637 0.884161 0.466614 0.0230248 118.25 -0.0210315 -0.00947974 0.999734 0.825537
0.464982 -0.885319 -0.00158716 154.032 0.885216 0.464899 0.0161551 119.003 -0.0135645 -0.00891679 0.999868 0.835989
0.46319 -0.886257 0.0016607 154.429 0.886257 0.463192 0.00141763 119.756 -0.00202561 0.000815174 0.999998 0.845985
0.461251 -0.887222 0.00919413 154.833 0.887263 0.461183 -0.00858834 120.508 0.00337958 0.012119 0.999921 0.843339
0.460148 -0.887785 0.0100835 155.229 0.887842 0.460131 -0.00409455 121.269 -0.00100464 0.0108366 0.999941 0.830627
0.45892 -0.88842 0.0100996 155.63 0.888417 0.458992 0.0064946 122.032 -0.0104056 0.00599215 0.999928 0.813457
0.457335 -0.889231 0.0106718 156.427 0.889147 0.457445 0.0126955 123.55 -0.016171 0.00368274 0.999862 0.817106
0.45652 -0.889649 0.0107018 156.817 0.889627 0.456611 0.00839398 124.309 -0.0123542 0.00568855 0.999907 0.835838
0.456528 -0.889679 0.00734032 157.2 0.889689 0.456558 0.00293701 125.059 -0.00596427 0.00518978 0.999969 0.850713
0.456336 -0.889807 0.000539306 157.581 0.889797 0.456334 0.00443392 125.809 -0.00419143 -0.00154349 0.99999 0.850161
0.45591 -0.890026 -0.000249171 157.968 0.889986 0.455887 0.0095805 126.56 -0.0084133 -0.00458961 0.999954 0.838836
0.455137 -0.890419 -0.00193889 158.345 0.890348 0.455071 0.013846 127.316 -0.0114464 -0.00802812 0.999902 0.833159
0.454811 -0.890582 -0.00324869 158.724 0.890472 0.454689 0.0178245 128.068 -0.014397 -0.0109996 0.999836 0.837457
0.454343 -0.890801 -0.00681376 159.101 0.890712 0.454148 0.0195141 128.815 -0.0142887 -0.0149352 0.999786 0.844118
0.453837 -0.891061 -0.00641902 159.479 0.891002 0.453686 0.0168648 129.559 -0.0121154 -0.0133732 0.999837 0.845151
0.452993 -0.891446 -0.0109976 159.848 0.891492 0.45286 0.012609 130.301 -0.00625988 -0.015516 0.99986 0.847098
0.451892 -0.891984 -0.0125562 160.216 0.892058 0.451758 0.0121378 131.042 -0.00515431 -0.0166858 0.999847 0.845424
0.454407 -0.890701 -0.0128984 160.584 0.890783 0.454281 0.0116399 131.772 -0.00450817 -0.0167789 0.999849 0.835808
0.457095 -0.88932 -0.0131985 160.948 0.88941 0.456976 0.0111262 132.5 -0.00386334 -0.0168246 0.999851 0.828681
0.459778 -0.887931 -0.013502 161.272 0.888028 0.459667 0.0106143 133.134 -0.00321832 -0.0168704 0.999852 0.82234
0.462457 -0.886534 -0.0138086 161.594 0.886638 0.462354 0.0101044 133.764 -0.00257346 -0.0169161 0.999854 0.816023
0.465131 -0.885129 -0.0141184 161.916 0.88524 0.465036 0.00959657 134.394 -0.00192865 -0.0169618 0.999854 0.809704
0.467801 -0.883716 -0.0144314 162.238 0.883833 0.467715 0.00909056 135.024 -0.00128368 -0.0170075 0.999855 0.803386
0.470467 -0.882294 -0.0147476 162.56 0.882417 0.470389 0.00858652 135.654 -0.000638714 -0.0170532 0.999854 0.797068
0.473128 -0.880865 -0.015067 162.882 0.880993 0.473059 0.00808447 136.285 6.27642e-06 -0.0170989 0.999854 0.790749
