0.478683 -0.87775 0.0204598 0.683951 0.877971 0.478688 -0.00496788 0.553054 -0.0054333 0.0203412 0.999778 0.788652
0.477284 -0.878556 0.0184031 1.08356 0.878745 0.477243 -0.00686302 1.32587 -0.00275319 0.0194472 0.999807 0.79169
0.475569 -0.879562 0.0143053 1.48324 0.879678 0.475521 -0.0068145 2.11078 -0.000808696 0.0158249 0.999874 0.796149
0.474329 -0.880248 0.0132121 1.8903 0.880347 0.474292 -0.00604467 2.90351 -0.000945582 0.0144984 0.999894 0.800419
0.472888 -0.881008 0.0142354 2.30137 0.881119 0.472871 -0.00474069 3.70439 -0.00255493 0.0147849 0.999887 0.805759
0.471519 -0.881732 0.0147828 2.71815 0.881847 0.471523 -0.00340713 4.50937 -0.00396623 0.0146427 0.999885 0.809724
0.470459 -0.882287 0.0154489 3.13423 0.882411 0.47047 -0.00315605 5.32068 -0.00448371 0.0151171 0.999876 0.812075
0.468958 -0.883093 0.0150211 3.55389 0.883212 0.468959 -0.0036732 6.13396 -0.0038005 0.0149894 0.99988 0.814245
0.468012 -0.88358 0.0158237 3.97454 0.883718 0.467989 -0.00541075 6.95033 -0.00262447 0.016516 0.99986 0.816718
0.467262 -0.883958 0.016851 4.4003 0.88411 0.467258 -0.00440531 7.77411 -0.00397967 0.0169566 0.999848 0.818812
0.467129 -0.884019 0.0173616 4.82612 0.884154 0.467196 -0.000274735 8.60639 -0.00786838 0.0154786 0.999849 0.823597
0.467689 -0.8837 0.0184801 5.25542 0.883817 0.467821 0.00335548 9.44086 -0.0116106 0.0147637 0.999824 0.828976
0.468863 -0.88303 0.0206372 5.6898 0.883155 0.469052 0.00525927 10.278 -0.014324 0.01576 0.999773 0.829533
0.470097 -0.882356 0.021373 6.12578 0.882479 0.470312 0.00615442 11.1179 -0.0154824 0.015968 0.999753 0.82596
