0.478683 -0.87775 0.0204598 0.683951 0.877971 0.478688 -0.00496788 0.553054 -0.0054333 0.0203412 0.999778 0.788652
0.47736 -0.878513 0.0185127 1.10649 0.878703 0.477322 -0.00669861 1.34571 -0.00295169 0.0194648 0.999806 0.786592
0.476243 -0.879173 0.0157423 1.53216 0.879312 0.4762 -0.00659838 2.14834 -0.00169539 0.0169849 0.999854 0.78822
0.474668 -0.880057 0.0137947 1.965 0.880163 0.474644 -0.00516955 2.9249 -0.00199809 0.0145954 0.999892 0.783349
0.472572 -0.881175 0.014361 2.37763 0.881286 0.472568 -0.00390089 3.72176 -0.00334917 0.0144996 0.999889 0.787531
0.472131 -0.881402 0.0149882 2.80848 0.881517 0.472147 -0.00268936 4.53264 -0.00470621 0.0144821 0.999884 0.786031
0.471508 -0.881729 0.0153367 3.23818 0.881846 0.471535 -0.00210781 5.3469 -0.00537326 0.0145185 0.99988 0.79595
0.47014 -0.882454 0.0156778 3.65556 0.882582 0.470151 -0.00321626 6.1618 -0.00453273 0.015349 0.999872 0.795661
0.468942 -0.883082 0.0161759 4.08025 0.883221 0.468945 -0.00387332 6.97254 -0.00416514 0.0161033 0.999862 0.798131
0.468352 -0.883393 0.0162745 4.5336 0.883523 0.468388 -0.00178386 7.80647 -0.00604695 0.0152144 0.999866 0.800257
0.468193 -0.883496 0.0152951 4.95804 0.883579 0.46828 0.00248147 8.61682 -0.00935476 0.0123527 0.99988 0.798755
0.468647 -0.88323 0.0166855 5.39851 0.883293 0.46879 0.00581148 9.45717 -0.0129549 0.0120147 0.999844 0.794991
0.469664 -0.882643 0.0190158 5.8481 0.882703 0.469868 0.00800656 10.2847 -0.0160018 0.013025 0.999788 0.789378
0.471225 -0.881723 0.0226962 6.28211 0.881849 0.47148 0.00733614 11.1137 -0.0171693 0.0165577 0.999716 0.778724
