0.50502 -0.862377 0.0355041 0.712368 0.86278 0.505535 0.00678203 0.541586 -0.0237972 0.0272072 0.999346 0.771262
0.500834 -0.864871 0.0340984 1.00695 0.865246 0.501306 0.00648225 0.955913 -0.0227001 0.026257 0.999397 0.767066
0.498605 -0.866217 0.0325696 1.42439 0.86657 0.499022 0.00569671 1.80424 -0.0211876 0.0253835 0.999454 0.748373
0.494473 -0.868626 0.0313979 1.77782 0.868959 0.494856 0.00534341 2.51721 -0.0201789 0.0246413 0.999494 0.73392
0.490514 -0.870855 0.0317807 2.13457 0.871209 0.490893 0.00493757 3.10001 -0.0199009 0.0252656 0.999486 0.721993
0.486355 -0.873244 0.0301443 2.5339 0.873563 0.486696 0.0047976 3.7667 -0.0188607 0.0239996 0.99954 0.721214
0.482073 -0.875687 0.0279754 2.91235 0.875951 0.482384 0.00525753 4.45789 -0.018099 0.0219705 0.999603 0.714634
0.477779 -0.878105 0.0258041 3.28738 0.878318 0.478059 0.00570676 5.15093 -0.0173472 0.0199376 0.999661 0.708642
0.473681 -0.880355 0.0246779 3.66551 0.880516 0.473977 0.00763238 5.85011 -0.0184161 0.0181138 0.999679 0.701502
0.470492 -0.881979 0.0276033 4.05316 0.882147 0.470893 0.0101269 6.57119 -0.0219301 0.0195854 0.999583 0.66934
0.467286 -0.883586 0.0305196 4.43816 0.883758 0.467807 0.0126315 7.29356 -0.0254385 0.0210691 0.999472 0.6343
0.465501 -0.884516 0.0308932 4.82837 0.884735 0.465999 0.0111892 8.02501 -0.0242934 0.0221233 0.99948 0.607212
0.463912 -0.885345 0.0310936 5.21348 0.885606 0.46438 0.00968942 8.75666 -0.0230179 0.0230411 0.999491 0.600266
0.462642 -0.886002 0.0313097 5.60517 0.886279 0.463106 0.00928389 9.50842 -0.0227254 0.0234535 0.99949 0.603453
0.46135 -0.886612 0.0330709 5.99852 0.886953 0.461834 0.0084802 10.2828 -0.0227921 0.0254193 0.999442 0.593141
0.459852 -0.887393 0.0330306 6.38582 0.887756 0.460309 0.00752712 11.0758 -0.021884 0.025861 0.999453 0.577863
0.458299 -0.888223 0.0323412 6.77015 0.888604 0.458699 0.00593018 11.8674 -0.0201024 0.0260199 0.999489 0.560811
0.456813 -0.889101 0.0291324 7.15654 0.88942 0.457131 0.00509841 12.6806 -0.0178506 0.0235811 0.999594 0.546135
0.455289 -0.889961 0.0266711 7.54621 0.89023 0.455559 0.00489987 13.4917 -0.0165113 0.0215118 0.999666 0.527435
0.454167 -0.890544 0.0264161 7.95627 0.890783 0.454464 0.00641148 14.3003 -0.0177152 0.0206183 0.999666 0.510613
0.453216 -0.891002 0.0273394 8.35924 0.891235 0.45356 0.00787525 15.1119 -0.0194173 0.0207959 0.999632 0.509791
0.452316 -0.891443 0.0279401 8.77192 0.891665 0.452698 0.00909808 15.9325 -0.0207592 0.0207972 0.999607 0.505485
0.451124 -0.892036 0.0283623 9.20511 0.892295 0.451485 0.00776122 16.7487 -0.0197288 0.0218053 0.999608 0.490679
0.449922 -0.892627 0.0289248 9.62703 0.892923 0.450268 0.00660363 17.5709 -0.0189188 0.0228554 0.999602 0.478809
0.449145 -0.893005 0.0294095 10.0401 0.893298 0.449518 0.0074007 18.3979 -0.0198293 0.0229463 0.999584 0.467161
0.44881 -0.893164 0.0297454 10.4588 0.893404 0.449257 0.0103496 19.2366 -0.0226076 0.0219285 0.999549 0.44944
0.449265 -0.892914 0.0304812 10.8826 0.893078 0.449809 0.0140875 20.0755 -0.0262899 0.0208919 0.999482 0.432452
0.45013 -0.892444 0.0315434 11.3116 0.892548 0.450765 0.0170357 20.9088 -0.0294223 0.0204845 0.999405 0.409902
0.451617 -0.891621 0.0335718 11.7298 0.89173 0.45234 0.0182847 21.7473 -0.031489 0.0216779 0.999319 0.385607
0.454024 -0.890361 0.0346406 12.1506 0.89058 0.454714 0.0154091 22.5997 -0.0294713 0.0238526 0.999334 0.360775
0.455875 -0.889471 0.0332666 12.5553 0.889747 0.456449 0.0121313 23.4523 -0.0259751 0.0240669 0.999428 0.352103
0.456932 -0.888983 0.031898 12.9855 0.889313 0.457385 0.0084923 24.3075 -0.0221394 0.0244853 0.999514 0.338513
0.457602 -0.888716 0.0298135 13.4409 0.888979 0.458029 0.00933846 25.1716 -0.0219549 0.0222288 0.999574 0.324182
0.457423 -0.888858 0.0284786 13.8946 0.888971 0.457923 0.0144548 26.0673 -0.0258893 0.0187034 0.999555 0.312347
0.457 -0.888922 0.0331059 14.3443 0.889075 0.457668 0.0163778 26.9223 -0.0297098 0.0219473 0.999387 0.274218
0.456247 -0.888983 0.0410738 14.8086 0.889452 0.457062 0.0128414 27.7823 -0.0301885 0.0306718 0.999147 0.262068
0.454965 -0.889379 0.0465097 15.2573 0.890195 0.455749 0.00736026 28.6555 -0.0277421 0.0380506 0.998969 0.251973
0.45365 -0.889988 0.0478196 15.702 0.890975 0.454287 0.00281905 29.538 -0.0242321 0.0413233 0.998935 0.24049
0.451767 -0.891086 0.045274 16.1323 0.891999 0.452294 0.00161176 30.4176 -0.0219128 0.0396524 0.999061 0.21612
0.45039 -0.891943 0.0421605 16.5963 0.892662 0.450972 0.00498366 31.3348 -0.0234577 0.0353871 0.999191 0.194368
0.449445 -0.89251 0.0403652 17.0544 0.893088 0.450094 0.00829365 32.2487 -0.0255694 0.032319 0.999247 0.171183
0.448573 -0.893046 0.0383404 17.5039 0.893472 0.449271 0.0116358 33.1575 -0.0276155 0.0290339 0.999297 0.15207
0.447713 -0.893451 0.039152 17.9478 0.893848 0.448487 0.0134723 34.0449 -0.0295946 0.0289615 0.999247 0.125894
0.447001 -0.893726 0.0411285 18.3952 0.894117 0.447898 0.0155457 34.9487 -0.0323133 0.029822 0.999142 0.110587
0.446285 -0.894 0.0431033 18.8419 0.894381 0.447311 0.0176203 35.8528 -0.035031 0.0306842 0.999028 0.0925425
0.44652 -0.893974 0.0413517 19.2756 0.894258 0.447521 0.0188565 36.7616 -0.0353607 0.0285567 0.999084 0.0698067
0.446748 -0.893864 0.0414661 19.7174 0.894184 0.447726 0.0178984 37.6679 -0.0345617 0.0290796 0.999102 0.0496734
0.44713 -0.893748 0.0400377 20.1677 0.894081 0.448012 0.0162088 38.5694 -0.0324214 0.0285471 0.999193 0.0244442
0.446517 -0.894156 0.0379455 20.6178 0.894435 0.447329 0.0160508 39.4667 -0.0313234 0.0267708 0.999282 0.00564413
0.445419 -0.894697 0.0383423 21.0564 0.894962 0.446263 0.0167753 40.3683 -0.0321166 0.0268409 0.99926 -0.0168962
0.44432 -0.895236 0.0387381 21.4938 0.895488 0.445197 0.0175003 41.2705 -0.0329097 0.026912 0.999236 -0.0402313
0.444197 -0.895193 0.0413172 21.9521 0.895582 0.445102 0.0154871 42.145 -0.0322507 0.0301214 0.999171 -0.0535493
0.443858 -0.895551 0.0372546 22.3629 0.895912 0.444552 0.0124016 43.0227 -0.0276647 0.0278707 0.999378 -0.079743
0.443539 -0.895848 0.0340644 22.7804 0.896146 0.444124 0.011473 43.9181 -0.0254037 0.0254368 0.999508 -0.10229
0.443267 -0.895921 0.0359583 23.2254 0.896213 0.443954 0.0134034 44.7892 -0.0279684 0.026284 0.999421 -0.125184
0.443109 -0.895947 0.0375387 23.6692 0.89619 0.443921 0.0163574 45.6614 -0.0313149 0.0263928 0.999323 -0.131925
0.442572 -0.89614 0.0395207 24.088 0.896419 0.443461 0.0168477 46.5188 -0.0326185 0.0279697 0.999242 -0.1545
0.442638 -0.896026 0.0415953 24.5204 0.896411 0.443551 0.0153867 47.3854 -0.032231 0.0304745 0.999186 -0.164235
0.442457 -0.896085 0.0424959 24.9544 0.89656 0.443337 0.0134039 48.2718 -0.0308454 0.032168 0.999181 -0.166107
0.442004 -0.896278 0.0434039 25.3912 0.896794 0.442898 0.0129782 49.1527 -0.0308496 0.0331863 0.999152 -0.194716
0.440762 -0.896726 0.0469124 25.8132 0.897303 0.441832 0.0147926 50.0157 -0.0339853 0.0355726 0.998972 -0.224645
0.439958 -0.896925 0.050779 26.2245 0.897511 0.441299 0.0183768 50.8708 -0.0388829 0.0374873 0.998728 -0.247158
0.43891 -0.897351 0.052533 26.6599 0.897902 0.440416 0.0208451 51.7537 -0.0418321 0.0380178 0.998593 -0.286306
0.438088 -0.897821 0.0516385 27.0525 0.898419 0.439478 0.0187683 52.6021 -0.0395347 0.0381684 0.998686 -0.293862
0.437591 -0.89824 0.0487699 27.4496 0.898915 0.43868 0.0135986 53.4294 -0.0336 0.0378868 0.998919 -0.301183
0.436745 -0.898845 0.0454004 27.8571 0.899534 0.437555 0.00889061 54.2559 -0.0278481 0.036954 0.999136 -0.317136
0.435797 -0.899592 0.0397165 28.235 0.900024 0.436524 0.0110356 55.0569 -0.0272561 0.0309353 0.999363 -0.349564
0.434779 -0.90022 0.0369666 28.6083 0.90045 0.435548 0.0151803 55.8932 -0.0297566 0.0266861 0.99942 -0.371588
0.433625 -0.9008 0.0368396 28.9989 0.900956 0.434448 0.0173108 56.7128 -0.0315876 0.0256845 0.999396 -0.384714
0.432562 -0.901315 0.0372192 29.3823 0.901475 0.433399 0.0172934 57.4612 -0.031706 0.026072 0.99939 -0.394375
0.431187 -0.901987 0.0373558 29.7446 0.902137 0.432037 0.0175654 58.2411 -0.0319707 0.0261266 0.999387 -0.422712
0.429962 -0.902582 0.03757 30.1129 0.90272 0.430831 0.0179583 59.0406 -0.0323822 0.0261946 0.999379 -0.44301
0.428848 -0.903159 0.0369254 30.4599 0.903249 0.429718 0.0187018 59.7914 -0.0327445 0.0253339 0.999397 -0.455865
0.427789 -0.903706 0.0363051 30.7965 0.903737 0.42867 0.019858 60.5109 -0.033494 0.0243171 0.999406 -0.468994
0.42633 -0.904519 0.0336561 31.1276 0.904337 0.427215 0.0240786 61.2421 -0.0361416 0.020174 0.999414 -0.49039
0.425107 -0.905085 0.0344723 31.4683 0.904813 0.426079 0.0267179 61.9758 -0.0388517 0.0198366 0.999328 -0.515906
0.42393 -0.9056 0.0359887 31.8056 0.905256 0.425013 0.0290831 62.7035 -0.0416132 0.0202538 0.999217 -0.543175
0.422556 -0.906383 0.0328733 32.1085 0.906045 0.423482 0.0272647 63.3935 -0.0386136 0.0182687 0.999385 -0.532116
0.421903 -0.906888 0.0275404 32.4374 0.906557 0.422592 0.0244358 64.0542 -0.0337801 0.0146634 0.999629 -0.514163
0.420562 -0.907612 0.0248295 32.7209 0.907409 0.421088 0.0187153 64.7058 -0.027425 0.0146662 0.999834 -0.551682
0.419955 -0.907981 0.0223939 33.0224 0.907766 0.420405 0.0175633 65.3559 -0.0253453 0.0129603 0.999923 -0.561756
0.419363 -0.908321 0.0206534 33.3068 0.90799 0.419808 0.0208752 65.9645 -0.0276136 0.0100078 0.999907 -0.57069
0.41863 -0.908701 0.0199436 33.5911 0.908268 0.419085 0.0238862 66.5715 -0.0300433 0.00812488 0.999865 -0.586175
0.41737 -0.909193 0.0246593 33.8382 0.908947 0.417909 0.0188982 67.1575 -0.0274679 0.0145364 0.999878 -0.564307
0.417743 -0.908928 0.0288297 34.0971 0.908905 0.41828 0.0126188 67.7198 -0.0235104 0.0209416 0.999878 -0.576472
0.418505 -0.908569 0.0299768 34.3546 0.90867 0.418958 0.00757868 68.2784 -0.0194284 0.0240767 0.999908 -0.588642
0.421436 -0.907284 0.0286461 34.5879 0.907349 0.421862 0.00728302 68.8032 -0.018676 0.0229327 0.999962 -0.59652
0.425152 -0.905666 0.0256944 34.8505 0.90561 0.425578 0.00975962 69.3305 -0.0197562 0.019131 1.00003 -0.614882
0.429526 -0.903623 0.0258451 35.0879 0.90348 0.430028 0.0133926 69.8456 -0.0231955 0.0176102 1 -0.61808
0.434651 -0.901099 0.0290777 35.3189 0.900927 0.435295 0.0164102 70.3312 -0.0274206 0.0190768 0.999879 -0.606068
0.440912 -0.897819 0.0362407 35.5609 0.897771 0.441787 0.0171008 70.8095 -0.0313367 0.025008 0.999645 -0.618703
0.450485 -0.893112 0.0354894 35.7877 0.892996 0.45137 0.0181069 71.2562 -0.0321613 0.0235479 0.999667 -0.609393
0.463476 -0.886647 0.0306527 36.0292 0.886345 0.464256 0.0202393 71.7267 -0.0321459 0.017803 0.999799 -0.613812
0.478955 -0.878575 0.0254434 36.2863 0.878063 0.479621 0.0238048 72.1504 -0.0330857 0.0109561 0.999879 -0.627594
0.498193 -0.867803 0.0265445 36.5062 0.867261 0.498906 0.0244837 72.5609 -0.0344565 0.0108409 0.999846 -0.653696
0.520475 -0.854563 0.029176 36.7499 0.854051 0.521276 0.0238469 72.9565 -0.0355519 0.0125242 0.999801 -0.651672
0.545629 -0.838649 0.0319155 36.973 0.838122 0.546543 0.0245262 73.3185 -0.0379736 0.0133858 0.999715 -0.662262
0.573048 -0.820094 0.0340792 37.2373 0.819528 0.574062 0.0254618 73.6716 -0.0404032 0.0133578 0.999634 -0.675382
0.603445 -0.79795 0.0355467 37.4872 0.797342 0.604528 0.0260496 74.0133 -0.0422312 0.0126442 0.999582 -0.685069
0.636643 -0.771751 0.0353576 37.7302 0.771072 0.637724 0.0267078 74.3652 -0.0431141 0.0102821 0.999586 -0.699386
0.671264 -0.741784 0.0367861 37.9959 0.741063 0.672406 0.0270533 74.6734 -0.0447543 0.00912428 0.999539 -0.706929
0.707739 -0.707143 0.0356568 38.2549 0.706343 0.708825 0.0276384 74.9609 -0.0447689 0.00565026 0.999578 -0.710224
0.745528 -0.667283 0.0340314 38.5667 0.666466 0.746527 0.0269078 75.2089 -0.0433108 0.00264705 0.999669 -0.72087
0.783441 -0.622401 0.0330651 38.8815 0.621568 0.784382 0.0263395 75.451 -0.0422797 -5.47525e-05 0.999731 -0.733078
0.819882 -0.573576 0.0327913 39.2078 0.572724 0.820793 0.025976 75.6902 -0.041764 -0.00248661 0.999764 -0.762675
0.855004 -0.519831 0.0321089 39.5172 0.518966 0.855866 0.0255723 75.8531 -0.0407243 -0.00516889 0.999812 -0.784401
0.886899 -0.463319 0.0323838 39.8903 0.462527 0.887763 0.0230088 76.01 -0.0393605 -0.00539487 0.999882 -0.800246
0.914981 -0.405054 0.0326018 40.2661 0.404244 0.915834 0.022726 76.1462 -0.0390137 -0.00757975 0.999897 -0.804549
0.939102 -0.34534 0.0342099 40.6346 0.344481 0.939991 0.0229374 76.2518 -0.0400271 -0.00971889 0.999855 -0.804247
0.959096 -0.284964 0.0360293 41.0338 0.283981 0.960003 0.0248442 76.3324 -0.0416143 -0.0135566 0.999763 -0.807283
0.975125 -0.223839 0.03776 41.3941 0.222808 0.976065 0.0247509 76.3889 -0.0423413 -0.0156802 0.999718 -0.835416
0.987 -0.163834 0.0377259 41.7929 0.162883 0.987938 0.0222245 76.4294 -0.040858 -0.0157477 0.999796 -0.859474
0.99496 -0.105349 0.0378375 42.1673 0.104544 0.995931 0.0178997 76.435 -0.0395168 -0.0138107 0.999896 -0.870299
0.99932 -0.049363 0.0380292 42.5793 0.048494 1.00025 0.0188375 76.4432 -0.038916 -0.0169351 0.99989 -0.850575
1.00056 0.00577843 0.0376357 42.9403 -0.00678861 1.00137 0.0222338 76.4413 -0.0375068 -0.0224531 0.999853 -0.850216
0.999027 0.0571547 0.0362654 43.343 -0.0581958 0.999706 0.0236876 76.3852 -0.034851 -0.0257238 0.999889 -0.875176
0.995282 0.10437 0.0349503 43.7425 -0.105205 0.996007 0.0182541 76.3234 -0.0328587 -0.0217948 1.00007 -0.94056
0.989709 0.148234 0.035622 44.1123 -0.148653 0.990643 0.00510841 76.236 -0.0344851 -0.0103059 1.00022 -0.959019
0.982818 0.188514 0.0369792 44.4416 -0.188788 0.983831 0.000106888 76.2069 -0.0363133 -0.00704208 1.0002 -0.928015
0.975542 0.223182 0.0376901 44.811 -0.223542 0.976554 0.00178295 76.1471 -0.0363598 -0.0101184 1.00019 -0.885195
0.968187 0.253751 0.0348392 45.1911 -0.25444 0.968917 0.0124866 76.0472 -0.0305438 -0.0209016 1.00024 -0.887691
0.960514 0.281754 0.0331179 45.6168 -0.282606 0.960996 0.019509 75.9541 -0.0262892 -0.0280411 1.00021 -0.926057
0.952151 0.309221 0.0307076 45.9865 -0.310009 0.952541 0.019621 75.8754 -0.023147 -0.0281445 1.0003 -0.944589
0.94399 0.333764 0.0268186 46.3838 -0.334343 0.944402 0.0144771 75.8175 -0.0204646 -0.0225793 1.00052 -0.969252
0.936961 0.353651 0.0188333 46.7663 -0.353983 0.937322 0.00884483 75.6739 -0.0145037 -0.0149071 1.00079 -0.977835
0.930166 0.371526 0.0128071 47.1733 -0.371787 0.930425 0.0102123 75.4855 -0.00810975 -0.0142155 1.0009 -0.973577
0.923469 0.387978 0.0129532 47.6285 -0.388261 0.923675 0.0128874 75.3142 -0.0069545 -0.0168831 1.00089 -0.976365
0.917383 0.402034 0.0187727 48.0787 -0.402462 0.917562 0.0161198 75.0993 -0.0107298 -0.0222902 1.00077 -0.98794
0.911374 0.415451 0.021468 48.4894 -0.415938 0.911573 0.0158912 74.8835 -0.0129511 -0.023357 1.00074 -0.981391
0.905754 0.4276 0.0227808 48.9036 -0.428073 0.906028 0.0126108 74.6534 -0.0152297 -0.02112 1.00078 -0.985086
0.90084 0.438065 0.0206118 49.3792 -0.438424 0.901161 0.00742999 74.4245 -0.0153038 -0.0156809 1.00091 -0.996447
0.896036 0.447991 0.0187027 49.8341 -0.448282 0.896358 0.00442237 74.1786 -0.0147694 -0.0123012 1.00099 -1.00653
0.892791 0.454563 0.0176934 50.2785 -0.45484 0.89309 0.00396441 73.9271 -0.0139881 -0.0115427 1.00103 -1.01499
0.889914 0.460255 0.0179842 50.7736 -0.460558 0.890189 0.00513073 73.6995 -0.0136373 -0.0128031 1.00105 -1.02235
0.887691 0.464677 0.0166197 51.2685 -0.464962 0.88794 0.00461247 73.4183 -0.0126059 -0.0117779 1.0011 -1.0166
0.885007 0.469876 0.016256 51.7718 -0.470176 0.885225 0.00567412 73.1527 -0.0117179 -0.0126201 1.00112 -1.0263
0.882702 0.474331 0.01495 52.3251 -0.474596 0.882916 0.00346852 72.8769 -0.0115499 -0.0101154 1.00118 -1.04092
0.881328 0.476968 0.0151536 52.8848 -0.477238 0.881533 0.00313622 72.578 -0.0118587 -0.00995488 1.0012 -1.04554
0.879871 0.479724 0.0158247 53.4399 -0.480025 0.880054 0.00464103 72.266 -0.0116972 -0.0116368 1.00121 -1.04636
0.878894 0.481626 0.0152682 54.039 -0.481902 0.879079 0.00242259 71.9094 -0.0122528 -0.0094471 1.00125 -1.06413
0.878447 0.482562 0.0144918 54.6263 -0.482808 0.878627 2.70146e-05 71.567 -0.0127184 -0.00698441 1.0013 -1.067
0.879147 0.481384 0.0144214 55.1914 -0.481627 0.879316 -0.000759466 71.2384 -0.0130457 -0.00624349 1.00132 -1.08677
0.880177 0.479656 0.0122992 55.8712 -0.479838 0.880319 -0.00531115 70.9059 -0.0133753 -0.0012004 1.00137 -1.08358
0.881884 0.476639 0.0110586 56.5142 -0.476795 0.881993 -0.00773416 70.5299 -0.013442 0.00156926 1.00139 -1.09342
0.883899 0.473005 0.0105032 57.1673 -0.473145 0.883978 -0.00956848 70.1654 -0.0138132 0.00350536 1.00141 -1.10758
0.885665 0.469751 0.0121315 57.8347 -0.46989 0.88575 -0.00983218 69.8328 -0.0153654 0.00302486 1.00141 -1.11623
0.887801 0.465807 0.0119988 58.5401 -0.465901 0.887851 -0.0131419 69.5011 -0.0167754 0.00608851 1.0014 -1.11886
0.889657 0.462281 0.0145986 59.2594 -0.462422 0.889746 -0.0101865 69.1252 -0.0176973 0.00232854 1.00143 -1.1526
0.891569 0.458585 0.0174912 59.9746 -0.458789 0.891694 -0.00710238 68.7624 -0.0188513 -0.00166945 1.00144 -1.17501
0.893621 0.454694 0.0170587 60.6972 -0.454883 0.893722 -0.00832902 68.404 -0.0190309 -0.000296897 1.00146 -1.15821
0.895155 0.451829 0.0154551 61.4364 -0.452062 0.895208 -0.00622882 68.0484 -0.0166517 -0.00139044 1.00153 -1.14119
0.895915 0.450503 0.0129759 62.148 -0.450824 0.895893 3.01744e-05 67.6913 -0.0116206 -0.0058498 1.00161 -1.1559
0.896002 0.450434 0.0129525 62.8502 -0.450817 0.895922 0.00513834 67.3331 -0.0093025 -0.0104082 1.00162 -1.16209
0.896274 0.449934 0.0149264 63.5942 -0.450385 0.896149 0.00881895 66.9945 -0.009421 -0.0145839 1.0016 -1.17661
0.896309 0.449963 0.0150128 64.3765 -0.450407 0.896193 0.0070065 66.608 -0.0103146 -0.0130021 1.00164 -1.1607
0.896324 0.45001 0.0157973 65.1351 -0.450461 0.896212 0.00596015 66.2283 -0.0114879 -0.0124197 1.00166 -1.16298
0.896517 0.449601 0.0190725 65.8427 -0.450164 0.896359 0.0103867 65.8749 -0.0124367 -0.0178474 1.00159 -1.17196
0.896455 0.449823 0.0192039 66.5909 -0.450401 0.896276 0.0106465 65.4987 -0.0124346 -0.0181427 1.00161 -1.17189
0.896616 0.449638 0.018487 67.3496 -0.450202 0.896426 0.00970982 65.1599 -0.0122196 -0.0169806 1.00166 -1.16134
0.896268 0.45036 0.0202572 68.1006 -0.451031 0.895976 0.014941 64.7981 -0.0114354 -0.0224672 1.00159 -1.16531
0.895053 0.452815 0.0215111 68.8026 -0.453551 0.894704 0.0170683 64.4466 -0.011532 -0.0249667 1.00156 -1.18078
0.893657 0.455597 0.0228866 69.5169 -0.45639 0.893285 0.0177639 64.0774 -0.0123653 -0.0262498 1.00154 -1.17866
0.891031 0.46066 0.0256792 70.2849 -0.461544 0.89067 0.0179771 63.6838 -0.0146018 -0.0277952 1.00149 -1.171
0.887996 0.466468 0.0276076 71.0658 -0.467415 0.88765 0.0177474 63.3122 -0.016237 -0.028586 1.00147 -1.18703
0.884414 0.473326 0.0274508 71.8094 -0.474277 0.884053 0.0174543 62.9242 -0.0160172 -0.0283783 1.00151 -1.19466
0.880422 0.480838 0.0267807 72.5513 -0.481785 0.880029 0.0174539 62.5295 -0.0151882 -0.0281916 1.00156 -1.18533
0.875809 0.489342 0.0255573 73.2829 -0.490255 0.875404 0.0164641 62.1054 -0.0143317 -0.0268744 1.00163 -1.18182
0.870506 0.498667 0.0280014 73.9802 -0.4997 0.870043 0.018972 61.7179 -0.0149162 -0.0304228 1.00155 -1.19375
0.865084 0.508039 0.0289992 74.6685 -0.509116 0.864618 0.0188369 61.3503 -0.0155176 -0.0309725 1.00155 -1.19323
0.859223 0.517939 0.0295353 75.345 -0.519026 0.858785 0.0174188 60.9411 -0.0163565 -0.0302106 1.00159 -1.19118
0.853475 0.527486 0.0286236 76.0389 -0.528547 0.853024 0.0166241 60.5404 -0.0156636 -0.0292338 1.00165 -1.177
0.847646 0.536901 0.0281837 76.7046 -0.537963 0.847173 0.0164411 60.1328 -0.0150669 -0.0290149 1.0017 -1.18836
0.841969 0.545807 0.0287337 77.3449 -0.546921 0.84144 0.0178893 59.7028 -0.0144326 -0.0306889 1.00168 -1.19253
0.836267 0.554643 0.0274311 77.9832 -0.555735 0.835693 0.0180706 59.2843 -0.0129236 -0.0302689 1.00174 -1.19966
0.830799 0.562937 0.0260925 78.6087 -0.563994 0.830208 0.0174184 58.8474 -0.0118818 -0.0291032 1.00182 -1.20615
0.82613 0.569778 0.0274127 79.2077 -0.57091 0.825478 0.0192778 58.4043 -0.0116704 -0.0314844 1.00178 -1.20752
0.820572 0.577868 0.0264921 79.8242 -0.578963 0.819946 0.0173976 57.9762 -0.0116957 -0.0295278 1.00187 -1.19646
0.815256 0.585332 0.0282719 80.4391 -0.586516 0.814575 0.019201 57.5095 -0.0118179 -0.0321407 1.00182 -1.19151
0.810614 0.591865 0.0272321 81.0677 -0.592991 0.809998 0.0159623 57.0755 -0.0126379 -0.0290023 1.00193 -1.18938
0.80727 0.596479 0.0275202 81.6556 -0.597597 0.806695 0.0138865 56.6457 -0.0139439 -0.027575 1.00198 -1.17361
0.805108 0.599405 0.0289358 82.2408 -0.600545 0.804584 0.0119724 56.2275 -0.0161288 -0.0269367 1.002 -1.18874
0.804154 0.600763 0.0289769 82.8391 -0.601858 0.803692 0.00866949 55.7763 -0.0181018 -0.0243403 1.00206 -1.19258
0.80307 0.602271 0.0293862 83.3824 -0.603383 0.802598 0.00847449 55.3527 -0.0185029 -0.024465 1.00209 -1.19002
0.802929 0.602619 0.0277451 83.9087 -0.60367 0.802446 0.00667355 54.9768 -0.0182652 -0.022044 1.00218 -1.21479
0.803602 0.601897 0.025694 84.4235 -0.602898 0.803078 0.00578917 54.5727 -0.0171753 -0.0200871 1.00227 -1.21815
0.805328 0.599714 0.0247383 84.9479 -0.600684 0.804785 0.00466139 54.1714 -0.0171399 -0.0185637 1.00234 -1.20508
0.808687 0.595248 0.0253204 85.4819 -0.596276 0.808078 0.00714986 53.7972 -0.0162331 -0.0208218 1.00234 -1.21676
0.8134 0.588992 0.0228571 85.9665 -0.589956 0.812749 0.00597235 53.4519 -0.0150905 -0.0182943 1.00244 -1.20037
0.819659 0.580337 0.0233774 86.4196 -0.581311 0.818987 0.00597433 53.1067 -0.0157095 -0.0184378 1.00247 -1.20325
0.827804 0.568785 0.0230865 86.9045 -0.569776 0.827066 0.00758497 52.7946 -0.0148128 -0.0193811 1.0025 -1.20594
0.837136 0.555085 0.0230379 87.3989 -0.556107 0.836314 0.0101246 52.4955 -0.0136824 -0.0212283 1.00251 -1.19998
0.848826 0.537241 0.0215067 87.876 -0.538253 0.847901 0.0124612 52.1794 -0.0115809 -0.0220914 1.00255 -1.19512
0.861845 0.516352 0.0188845 88.3682 -0.517312 0.860828 0.0138848 51.9176 -0.0091321 -0.0216757 1.00262 -1.19851
0.87576 0.492623 0.0168526 88.85 -0.493536 0.87467 0.0148703 51.6721 -0.00746428 -0.0212819 1.00268 -1.19053
0.891199 0.464284 0.0172056 89.3193 -0.465196 0.890058 0.0156399 51.4638 -0.00810197 -0.0218813 1.0027 -1.19128
0.90833 0.429997 0.0178522 89.8804 -0.430895 0.90717 0.0150097 51.2286 -0.00978865 -0.0212675 1.00274 -1.21711
0.925746 0.391215 0.0204615 90.355 -0.39213 0.924596 0.0142228 51.04 -0.013397 -0.0211315 1.00274 -1.21015
0.942765 0.348232 0.0245241 90.8787 -0.349191 0.941653 0.0139054 50.8977 -0.0182857 -0.0216114 1.0027 -1.21744
0.958562 0.302077 0.0279727 91.4144 -0.303088 0.95747 0.0149504 50.7897 -0.0222951 -0.0227413 1.00263 -1.23006
0.972947 0.251908 0.031476 91.9102 -0.253001 0.971867 0.0171832 50.7163 -0.0262832 -0.0246045 1.00253 -1.24536
0.985551 0.197344 0.031886 92.4087 -0.198421 0.984438 0.0185586 50.6798 -0.0277463 -0.0245393 1.00253 -1.26143
0.995863 0.137105 0.0304944 92.9297 -0.138002 0.994761 0.0158741 50.6774 -0.0281774 -0.019959 1.00266 -1.23493
1.00294 0.0713191 0.0260069 93.4418 -0.0720037 1.00174 0.0140828 50.6875 -0.0250739 -0.0159578 1.00285 -1.22419
1.00568 0.00268644 0.0209209 93.934 -0.00317147 1.00437 0.0121911 50.6532 -0.0210145 -0.0123054 1.00304 -1.22651
1.00366 -0.0663783 0.0157012 94.3998 0.0660346 1.00224 0.0122189 50.7258 -0.0165917 -0.0112113 1.00318 -1.22894
0.996776 -0.135529 0.0130382 94.8577 0.135275 0.995294 0.0133402 50.861 -0.0148336 -0.0115164 1.00324 -1.24943
0.984837 -0.20536 0.0110431 95.3185 0.20521 0.983327 0.0129673 50.9534 -0.0135745 -0.0104921 1.00331 -1.26842
0.968336 -0.272922 0.0105083 95.7563 0.272893 0.966846 0.0099728 51.085 -0.0129381 -0.00679466 1.00339 -1.28309
0.947515 -0.338135 0.0142353 96.2067 0.338142 0.946081 0.0111335 51.3122 -0.0172815 -0.00574376 1.00338 -1.25593
0.922218 -0.401836 0.0198622 96.6363 0.401861 0.920907 0.0128909 51.5102 -0.0235087 -0.00392033 1.00331 -1.29005
0.893779 -0.461425 0.0247951 97.0336 0.461419 0.892614 0.0165141 51.7651 -0.029777 -0.00333239 1.00319 -1.28214
0.862516 -0.51725 0.0298123 97.4035 0.517236 0.861549 0.0191731 52.0107 -0.0356145 -0.00113804 1.00305 -1.31367
0.831496 -0.56568 0.0315487 97.8197 0.56563 0.830637 0.0223449 52.3541 -0.0388502 -0.000755126 1.00297 -1.31226
0.801193 -0.607759 0.0332311 98.173 0.607616 0.80045 0.0264482 52.6059 -0.0426685 -0.00101434 1.00286 -1.29822
0.773368 -0.642901 0.0314079 98.4783 0.642586 0.772589 0.0319347 52.8666 -0.0447825 -0.0045105 1.00281 -1.31996
0.749079 -0.67126 0.0271357 98.822 0.670936 0.74816 0.033626 53.2174 -0.0428619 -0.00696456 1.00292 -1.32907
0.728119 -0.694155 0.0222118 99.149 0.693908 0.727053 0.0332148 53.5995 -0.0392004 -0.00874486 1.0031 -1.39472
0.711392 -0.711193 0.0263897 99.4308 0.71111 0.710554 0.0287306 53.8927 -0.0391823 -0.00168124 1.00318 -1.40223
0.699762 -0.722642 0.0279852 99.8216 0.722602 0.699019 0.0275851 54.2624 -0.0394937 0.000898673 1.00322 -1.41518
0.690354 -0.731786 0.0257364 100.139 0.731646 0.689551 0.0299739 54.6471 -0.0396748 -0.00186735 1.00325 -1.41582
0.682968 -0.73885 0.0229372 100.47 0.738569 0.682068 0.0334683 55.0302 -0.0403607 -0.00589854 1.00325 -1.42704
0.678602 -0.74309 0.0175237 100.794 0.742723 0.677489 0.0363133 55.4242 -0.0388435 -0.0115777 1.00331 -1.47213
0.676884 -0.744888 0.00948182 101.113 0.74453 0.675459 0.0386702 55.8539 -0.0352018 -0.0190271 1.00338 -1.48313
0.677196 -0.744728 0.00664609 101.435 0.74444 0.675721 0.0372924 56.2643 -0.0322631 -0.0202108 1.0035 -1.50635
0.678739 -0.743412 0.0071394 101.795 0.743194 0.677363 0.0336875 56.655 -0.0298876 -0.0174764 1.00367 -1.51681
0.681491 -0.740981 0.00767608 102.224 0.740967 0.680275 0.0244681 57.0821 -0.0233851 -0.0109409 1.00399 -1.5439
0.684552 -0.738279 0.00424088 102.627 0.738328 0.683312 0.0216393 57.513 -0.0189209 -0.011633 1.00412 -1.54732
0.688645 -0.734575 -0.000382586 103.044 0.73457 0.687265 0.0262183 57.9753 -0.0190388 -0.0182492 1.00407 -1.54979
0.692739 -0.730815 -0.00133448 103.457 0.730667 0.691228 0.0323284 58.4647 -0.0227298 -0.0232513 1.00394 -1.56966
0.69631 -0.727515 0.000499131 103.878 0.727162 0.694738 0.0373606 58.9032 -0.0275341 -0.0255141 1.00381 -1.59654
0.698734 -0.725261 0.00610571 104.322 0.724708 0.697318 0.0384487 59.3653 -0.0321344 -0.0223139 1.0038 -1.63256
0.70148 -0.722635 0.0118013 104.768 0.721888 0.70025 0.039621 59.8349 -0.0368701 -0.0191584 1.00375 -1.67146
0.704163 -0.720029 0.0164847 105.217 0.719268 0.703167 0.0369615 60.3066 -0.0381767 -0.0140782 1.00384 -1.67649
0.704238 -0.720039 0.017125 105.716 0.719428 0.703346 0.0317192 60.772 -0.0348704 -0.00994841 1.00406 -1.71108
0.703918 -0.720472 0.0162051 106.188 0.720058 0.703069 0.0248016 61.2473 -0.0292732 -0.00574547 1.00432 -1.7074
0.70364 -0.720898 0.0135326 106.661 0.720608 0.702764 0.0194 61.7374 -0.0235311 -0.00386747 1.00452 -1.70609
0.701315 -0.723361 0.00563389 107.153 0.723082 0.700288 0.0200599 62.2721 -0.0185077 -0.00993217 1.00464 -1.71454
0.69988 -0.724848 0.0054115 107.675 0.724466 0.698824 0.0238843 62.8043 -0.0211326 -0.012714 1.0046 -1.73844
0.698651 -0.726051 0.0119571 108.19 0.72544 0.697721 0.0286751 63.3365 -0.0291665 -0.0112776 1.00447 -1.76111
0.696856 -0.727808 0.0153995 108.66 0.726985 0.696005 0.0331012 63.8609 -0.0347871 -0.0117801 1.00434 -1.79818
0.695398 -0.729317 0.0147479 109.163 0.728412 0.694523 0.0347789 64.3902 -0.0355793 -0.0133398 1.00434 -1.77686
0.694141 -0.730712 0.00892754 109.72 0.729916 0.69312 0.0331133 64.9844 -0.0303761 -0.0163511 1.00452 -1.81091
0.690686 -0.734132 0.00239294 110.262 0.73345 0.689522 0.0322002 65.5449 -0.0253011 -0.0203466 1.00464 -1.82506
0.687889 -0.73686 0.00129603 110.794 0.736255 0.686792 0.0284266 66.1265 -0.0218661 -0.0184719 1.0048 -1.85467
0.684529 -0.740086 0.00188596 111.378 0.739417 0.683449 0.0293387 66.7352 -0.0230256 -0.0185561 1.00483 -1.87658
0.681996 -0.742516 0.0044475 111.911 0.741791 0.681012 0.0284384 67.3549 -0.0241643 -0.0159739 1.0049 -1.88306
0.680453 -0.744021 0.00647203 112.461 0.743182 0.67951 0.0304021 67.9504 -0.0270222 -0.0157516 1.00489 -1.90877
0.679708 -0.744799 0.00740633 113.018 0.74385 0.678776 0.0325797 68.5355 -0.0292841 -0.016501 1.00487 -1.94149
0.679617 -0.744955 0.0102195 113.566 0.743959 0.678804 0.0316139 69.1462 -0.0304745 -0.0137597 1.00493 -1.95391
0.679523 -0.745104 0.0130331 114.114 0.744069 0.67883 0.030648 69.757 -0.0316647 -0.0110179 1.00498 -1.96728
0.679232 -0.745529 0.00983017 114.663 0.74442 0.678426 0.0332373 70.3646 -0.0314263 -0.0151221 1.00499 -1.97194
0.679899 -0.745065 0.00699349 115.226 0.744006 0.679053 0.0318375 70.9919 -0.028462 -0.0163004 1.00512 -1.98073
0.680709 -0.744468 0.00213905 115.791 0.743429 0.679732 0.0330558 71.6539 -0.0260637 -0.0207425 1.00516 -1.9901
0.682528 -0.742912 -0.00327796 116.392 0.741811 0.681283 0.0391013 72.3046 -0.0268038 -0.0289001 1.005 -2.01315
0.684646 -0.741077 -0.00260461 116.963 0.739872 0.683393 0.0408521 72.945 -0.0284713 -0.0296673 1.00498 -2.03539
0.686539 -0.739434 -0.00386298 117.554 0.738221 0.685265 0.0411812 73.587 -0.0277821 -0.0308849 1.00502 -2.05646
0.688192 -0.738008 -0.00459026 118.143 0.736814 0.686963 0.0398813 74.2337 -0.0262662 -0.0305879 1.00513 -2.06748
0.689507 -0.736908 0.00113707 118.75 0.735677 0.688604 0.0340672 74.9069 -0.0258831 -0.0224562 1.00541 -2.09791
0.689515 -0.737001 0.00468582 119.368 0.735777 0.688812 0.0296396 75.5432 -0.0250771 -0.0168226 1.00559 -2.11386
0.690563 -0.736133 0.00528667 120 0.734868 0.689905 0.0293227 76.2213 -0.0252364 -0.0161984 1.00565 -2.11424
0.691621 -0.735261 0.00475132 120.632 0.733903 0.69093 0.031836 76.8793 -0.026682 -0.0183492 1.00564 -2.13492
0.693268 -0.733805 0.00712519 121.216 0.732187 0.692558 0.0377901 77.4876 -0.0326142 -0.0207769 1.00547 -2.18278
0.69344 -0.733741 0.00901437 121.79 0.731875 0.692717 0.0426291 78.1532 -0.0374362 -0.0227394 1.00532 -2.20699
0.695083 -0.732347 0.00459183 122.344 0.730685 0.69433 0.038457 78.7545 -0.0313043 -0.0231519 1.00557 -2.20912
0.695988 -0.731623 -1.496e-05 122.904 0.730321 0.695394 0.0263409 79.3518 -0.0192995 -0.0181579 1.00603 -2.23285
0.695521 -0.732186 -0.00218977 123.516 0.731006 0.695052 0.018049 79.9663 -0.0117879 -0.0139973 1.00627 -2.19407
0.694643 -0.733139 0.0028121 124.095 0.73178 0.694211 0.0226889 80.5844 -0.0186334 -0.0135395 1.00623 -2.19641
0.693536 -0.734135 0.0160936 124.715 0.732251 0.693346 0.0343016 81.2617 -0.0362621 -0.0118317 1.00583 -2.25033
0.69241 -0.734965 0.027844 125.308 0.732581 0.692671 0.0422025 81.8822 -0.0501255 -0.00865293 1.00533 -2.32552
0.692239 -0.735381 0.0242668 125.867 0.73314 0.692386 0.0389849 82.4699 -0.0453236 -0.00902635 1.00561 -2.3439
0.691894 -0.736137 0.0121792 126.427 0.734213 0.691664 0.0332907 83.1037 -0.0328689 -0.0139041 1.0061 -2.3152
0.690792 -0.737378 0.00601174 127.013 0.735681 0.690504 0.0267839 83.7213 -0.0239061 -0.0138989 1.00641 -2.35554
0.689649 -0.738584 0.0049057 127.56 0.736866 0.689363 0.026629 84.3421 -0.0230598 -0.014564 1.00647 -2.35624
0.687223 -0.740955 0.00709414 128.148 0.739172 0.687016 0.0263916 84.9527 -0.0244296 -0.0127145 1.00653 -2.36063
0.684379 -0.743723 0.0064043 128.725 0.741913 0.684183 0.0261245 85.5809 -0.0238157 -0.0129461 1.0066 -2.36555
0.680897 -0.747076 0.00129032 129.261 0.745243 0.680566 0.0287257 86.1958 -0.0223482 -0.0183831 1.00661 -2.36523
0.677858 -0.749966 -0.00326336 129.805 0.74809 0.677356 0.0330586 86.8301 -0.0225829 -0.0245955 1.00653 -2.36087
0.676143 -0.751621 -0.00714149 130.338 0.749753 0.675518 0.0354286 87.4286 -0.0218061 -0.029025 1.00649 -2.37418
0.675031 -0.752757 -0.00677641 130.903 0.750808 0.674403 0.0367115 88.1002 -0.0230545 -0.0295762 1.00651 -2.38315
0.674321 -0.753545 -0.00444117 131.461 0.751421 0.673702 0.0392987 88.7206 -0.0265803 -0.0295363 1.00648 -2.41406
0.672799 -0.755042 -0.00388029 132.004 0.752868 0.672232 0.0389383 89.3124 -0.0267487 -0.0288181 1.00656 -2.44402
0.671056 -0.756727 -0.00426162 132.536 0.754595 0.670588 0.0359482 89.9336 -0.0243242 -0.0270476 1.00673 -2.43643
0.667763 -0.759784 -0.000634918 133.074 0.757679 0.66756 0.0291541 90.5629 -0.0217362 -0.0197011 1.00702 -2.42323
0.66312 -0.763981 -0.00166105 133.624 0.761859 0.662923 0.0288064 91.1774 -0.0209218 -0.0201151 1.00709 -2.42896
0.658402 -0.768194 0.000105483 134.14 0.765933 0.658212 0.0314272 91.7769 -0.0241966 -0.0203505 1.00707 -2.46666
0.653054 -0.772856 0.00686191 134.684 0.770308 0.652995 0.035559 92.4081 -0.0318793 -0.0176804 1.00697 -2.49063
0.649617 -0.77586 0.00937648 135.203 0.772965 0.649534 0.0428327 93.0438 -0.0391664 -0.0202948 1.00673 -2.53332
0.646765 -0.778386 0.00856231 135.741 0.775276 0.646573 0.0475114 93.6893 -0.0423257 -0.0237805 1.00659 -2.55006
0.642791 -0.781809 0.00871718 136.249 0.778698 0.642656 0.0463888 94.3285 -0.0416807 -0.022724 1.0067 -2.54493
0.638053 -0.785858 0.00489844 136.761 0.78312 0.637995 0.0371655 94.9712 -0.0322348 -0.0195981 1.00717 -2.54807
0.632678 -0.790348 0.00227459 137.287 0.787792 0.632678 0.0309476 95.6165 -0.0258637 -0.0175258 1.00744 -2.58392
0.627036 -0.794979 0.000206766 137.794 0.792396 0.626989 0.0317127 96.2485 -0.0253079 -0.0194454 1.00748 -2.60235
0.621142 -0.799732 -0.00335011 138.284 0.797008 0.620871 0.0382248 96.9292 -0.0284172 -0.0260905 1.00731 -2.62525
0.615396 -0.804285 -0.00687233 138.785 0.801547 0.614983 0.0404838 97.5952 -0.0282572 -0.0300717 1.00726 -2.62503
0.608079 -0.809932 -0.0113109 139.286 0.807353 0.607656 0.0375721 98.2793 -0.0235256 -0.0316202 1.00739 -2.65404
0.600845 -0.815433 -0.0133111 139.778 0.81294 0.600501 0.0340902 98.9725 -0.0198109 -0.0309497 1.00756 -2.66734
0.594325 -0.820356 -0.0126448 140.258 0.817776 0.593985 0.0349378 99.6695 -0.0211426 -0.0307462 1.0076 -2.69115
0.588332 -0.824845 -0.0102069 140.745 0.821984 0.587872 0.0412919 100.385 -0.0279767 -0.0323029 1.00744 -2.72176
0.581158 -0.83008 -0.00886617 141.247 0.826904 0.580523 0.0482866 101.083 -0.0347754 -0.0349845 1.0072 -2.73383
0.574774 -0.834665 -0.00847043 141.744 0.831359 0.574113 0.0500673 101.794 -0.0367428 -0.0354005 1.00718 -2.75376
0.569104 -0.838695 -0.00766121 142.221 0.835254 0.568444 0.0515491 102.516 -0.0386717 -0.0353104 1.00717 -2.76831
0.56579 -0.84108 -0.00706765 142.688 0.837605 0.565211 0.0506758 103.179 -0.0384212 -0.0341686 1.00728 -2.79408
0.561602 -0.843969 -0.0120542 143.153 0.840684 0.56093 0.0489805 103.902 -0.0344079 -0.0371989 1.00737 -2.7905
0.558781 -0.845818 -0.020532 143.593 0.8429 0.557972 0.0465059 104.623 -0.0277761 -0.0428176 1.00741 -2.81443
0.556294 -0.847516 -0.0236243 144.04 0.844736 0.555518 0.0445316 105.328 -0.0245478 -0.044242 1.00749 -2.83943
0.55374 -0.84934 -0.0231703 144.504 0.846364 0.552785 0.0493987 106.06 -0.0290237 -0.0464526 1.00733 -2.8635
0.551036 -0.85131 -0.0203085 144.926 0.847877 0.549813 0.0577157 106.764 -0.0377392 -0.0484818 1.00701 -2.90196
0.548882 -0.852904 -0.0173978 145.403 0.849039 0.547518 0.0637223 107.493 -0.0445118 -0.049188 1.00676 -2.94075
0.544711 -0.85579 -0.0135154 145.841 0.851831 0.54369 0.0605858 108.157 -0.044194 -0.0439804 1.00707 -2.96394
0.540185 -0.858891 -0.00523561 146.284 0.855187 0.540064 0.0454566 108.867 -0.0360174 -0.0285959 1.008 -2.97999
0.534416 -0.862621 -0.00829616 146.712 0.859112 0.534351 0.0406491 109.56 -0.0304978 -0.0284171 1.00824 -2.99128
0.528521 -0.866291 -0.0160961 147.146 0.862856 0.528103 0.04487 110.28 -0.0302282 -0.0371116 1.00802 -3.01775
0.521954 -0.870468 -0.0132234 147.565 0.866713 0.521472 0.0496998 111 -0.0361505 -0.0369 1.0079 -3.04727
0.515195 -0.874707 -0.00753959 148 0.87065 0.514904 0.0510495 111.717 -0.0405031 -0.0323813 1.00795 -3.05753
0.509757 -0.87807 0.000802159 148.453 0.873792 0.509884 0.0495174 112.441 -0.0435869 -0.0241012 1.00811 -3.12274
0.50506 -0.880916 0.00510528 148.882 0.876601 0.505453 0.0471219 113.193 -0.0437875 -0.0189131 1.00828 -3.13203
0.499279 -0.884279 0.0127672 149.285 0.88017 0.50013 0.0386227 113.925 -0.0402861 -0.00770594 1.00863 -3.10651
0.493482 -0.887582 0.0184545 149.705 0.88395 0.494573 0.0232859 114.637 -0.0296869 0.00507278 1.00908 -3.14307
0.48731 -0.891177 0.0168523 150.148 0.887606 0.488355 0.0189904 115.419 -0.0251032 0.00594411 1.00926 -3.16091
0.480976 -0.894818 0.0143299 150.568 0.891008 0.481994 0.0257027 116.168 -0.0297885 0.000681683 1.00921 -3.18825
0.476868 -0.897193 0.0128665 150.952 0.892824 0.477816 0.040221 116.937 -0.0419468 -0.00735582 1.00882 -3.23479
0.472618 -0.899583 0.0136693 151.354 0.894809 0.473567 0.0479482 117.738 -0.0492165 -0.0100687 1.00854 -3.28767
0.469495 -0.901355 0.0145361 151.754 0.89654 0.470525 0.0476631 118.497 -0.0494039 -0.00898968 1.00861 -3.27878
0.467807 -0.902397 0.0135163 152.159 0.897987 0.468902 0.0376295 119.3 -0.0400226 -0.00514113 1.00911 -3.2601
0.465352 -0.903925 0.00104475 152.481 0.899758 0.466097 0.032564 120.058 -0.0297794 -0.0138422 1.00944 -3.29471
0.462791 -0.905387 -0.00359246 152.909 0.9013 0.463476 0.0304443 120.809 -0.0258062 -0.0169375 1.00957 -3.34276
0.461064 -0.906418 0.00295039 153.259 0.902166 0.461957 0.0313551 121.586 -0.0296408 -0.0114344 1.00961 -3.35775
0.460973 -0.906546 0.0109304 153.671 0.902012 0.462134 0.0362902 122.32 -0.0376957 -0.00653213 1.00946 -3.42789
0.46145 -0.906463 0.00965824 154.08 0.901605 0.462546 0.0434847 123.096 -0.0435407 -0.0109876 1.00925 -3.4566
0.459098 -0.907839 0.00694541 154.437 0.902894 0.460095 0.045105 123.937 -0.0437894 -0.0140451 1.00927 -3.46261
0.457857 -0.908626 0.00615326 154.827 0.903944 0.458962 0.0374704 124.673 -0.0366177 -0.0112233 1.00966 -3.45386
0.455612 -0.909922 0.00443875 155.234 0.905547 0.456806 0.026463 125.391 -0.0260079 -0.00769494 1.01009 -3.46602
0.454228 -0.910656 0.014762 155.607 0.906506 0.455701 0.0141129 126.213 -0.0195832 0.00721588 1.01031 -3.51339
0.453534 -0.911185 0.0129399 156.014 0.906861 0.455042 0.0194297 126.976 -0.0235348 0.00319356 1.01032 -3.53199
0.451941 -0.912141 0.0126257 156.358 0.907451 0.45349 0.0304805 127.754 -0.0333197 -0.00200926 1.01012 -3.56799
0.450657 -0.912951 0.0116127 156.757 0.90797 0.452189 0.0372471 128.607 -0.038957 -0.00590468 1.00998 -3.5874
0.449861 -0.913455 0.0148105 157.145 0.908565 0.451575 0.0330965 129.384 -0.0366553 -0.00112663 1.01015 -3.5662
0.450414 -0.913403 0.0101662 157.521 0.90863 0.452037 0.0283255 130.141 -0.0302966 -0.00320565 1.01043 -3.57507
0.449874 -0.913865 0.00632098 157.884 0.909044 0.451432 0.0287694 130.948 -0.0289894 -0.00685867 1.01052 -3.62192
0.44924 -0.914337 0.00642482 158.275 0.909416 0.45084 0.0302903 131.755 -0.0304119 -0.00742186 1.01055 -3.65011
0.44872 -0.914761 0.00524871 158.621 0.909625 0.450284 0.0356104 132.482 -0.0346864 -0.0108371 1.01046 -3.63844
0.448452 -0.915049 0.005793 158.977 0.909734 0.450052 0.0389074 133.244 -0.0379022 -0.0118013 1.01041 -3.67096
0.447753 -0.915568 0.00341501 159.341 0.910186 0.4493 0.0399969 133.988 -0.037843 -0.0144055 1.01045 -3.69319
0.447506 -0.915848 0.00381367 159.735 0.910537 0.449168 0.0363673 134.78 -0.034756 -0.012419 1.01067 -3.7
0.44656 -0.916482 -0.00275526 160.067 0.911298 0.448103 0.0335963 135.499 -0.0293751 -0.017101 1.01084 -3.70661
0.44512 -0.917338 -0.0055072 160.429 0.912096 0.446597 0.0353227 136.234 -0.0297529 -0.02031 1.01085 -3.74408
0.443318 -0.918386 -0.00458807 160.772 0.912766 0.444681 0.0441659 137.021 -0.0381859 -0.0233062 1.01059 -3.78246
0.442196 -0.919101 0.00241298 161.122 0.91306 0.443792 0.0493681 137.734 -0.0459756 -0.0191863 1.01043 -3.85206
0.441238 -0.919633 0.0131033 161.529 0.913476 0.443416 0.0474966 138.439 -0.0489668 -0.00861092 1.01052 -3.82683
0.440845 -0.920031 0.00985948 161.805 0.91402 0.44296 0.043727 139.133 -0.0441511 -0.00988034 1.01081 -3.80176
0.441612 -0.919865 0.0054444 162.131 0.914019 0.443651 0.039538 139.763 -0.0384322 -0.0120854 1.01109 -3.85019
0.442656 -0.919523 0.00586326 162.429 0.91385 0.444839 0.032968 140.46 -0.0326676 -0.00885689 1.01141 -3.84533
0.443057 -0.919509 0.00384032 162.755 0.913879 0.44526 0.0303136 141.082 -0.029383 -0.00953782 1.01158 -3.87771
0.445593 -0.918435 0.00481106 163.051 0.912879 0.447931 0.0254239 141.728 -0.0253742 -0.00657218 1.0118 -3.85529
0.44992 -0.916471 0.00464274 163.328 0.910882 0.452336 0.0249572 142.335 -0.0248493 -0.00663423 1.01189 -3.86951
0.45503 -0.914072 0.00696008 163.63 0.908332 0.457569 0.0284544 142.961 -0.028994 -0.00626129 1.01187 -3.86483
0.460512 -0.911426 0.0107076 163.926 0.905381 0.463214 0.0357396 143.577 -0.0371814 -0.00639761 1.01169 -3.89674
