0.503284 -0.863434 0.0344723 0.710477 0.863827 0.503753 0.00602725 0.542399 -0.0225697 0.0267447 0.999387 0.772435
0.499252 -0.865767 0.0345861 1.03664 0.866172 0.499715 0.00575762 0.968302 -0.022268 0.027083 0.999385 0.754009
0.496051 -0.867724 0.0314707 1.45758 0.868056 0.496441 0.00555874 1.80382 -0.0204468 0.0245608 0.999492 0.755161
0.492192 -0.869893 0.0321892 1.84416 0.870256 0.492583 0.00510544 2.57243 -0.0202971 0.0254999 0.999474 0.740426
0.487864 -0.872367 0.0311318 2.2015 0.872712 0.488226 0.00485414 3.19587 -0.019434 0.0248007 0.999513 0.731654
0.48383 -0.874705 0.0284079 2.57957 0.874975 0.484155 0.00559881 3.87156 -0.0186513 0.0221472 0.999596 0.721534
0.479765 -0.877001 0.0265643 2.95858 0.877214 0.480078 0.00672533 4.55896 -0.0186512 0.0200758 0.999645 0.708342
0.475959 -0.879059 0.0270718 3.3569 0.879235 0.47633 0.00923734 5.27895 -0.0210154 0.0194056 0.999617 0.694855
0.472525 -0.880858 0.0287401 3.75627 0.881028 0.472971 0.0111732 6.00597 -0.0234353 0.0200408 0.999555 0.667478
0.46908 -0.882644 0.0304007 4.15278 0.882802 0.469605 0.0131154 6.73447 -0.0258526 0.0206851 0.999488 0.63809
0.466397 -0.884034 0.0313123 4.54365 0.884211 0.466949 0.0133006 7.45866 -0.0263795 0.0214826 0.999462 0.613558
0.464608 -0.884959 0.0318448 4.93339 0.885185 0.465142 0.0119684 8.1856 -0.025404 0.0226271 0.999468 0.600019
0.463639 -0.885471 0.0317785 5.3252 0.885718 0.464152 0.0111599 8.93188 -0.0246321 0.0229716 0.999485 0.595795
0.462824 -0.885845 0.0332649 5.71118 0.886159 0.463343 0.00991846 9.6978 -0.0241996 0.0248863 0.999455 0.581815
0.461735 -0.886411 0.0333743 6.08793 0.886767 0.462216 0.00836552 10.4892 -0.0228418 0.0257312 0.999471 0.566188
0.460542 -0.88706 0.0326562 6.46643 0.887443 0.460956 0.00642356 11.2829 -0.0207516 0.0260207 0.999515 0.551886
0.459346 -0.887708 0.0319407 6.84385 0.888113 0.459694 0.00448053 12.0771 -0.018661 0.0263072 0.999554 0.539429
0.458133 -0.888469 0.0280278 7.24303 0.888759 0.458436 0.00566453 12.873 -0.0178825 0.0223137 0.999671 0.532332
0.457238 -0.888976 0.0265943 7.66484 0.889197 0.457561 0.00787623 13.6572 -0.019171 0.0200452 0.9997 0.514026
0.45603 -0.88959 0.0268722 8.07435 0.889788 0.456388 0.00941348 14.4756 -0.0206389 0.0196167 0.999684 0.504124
0.454728 -0.890248 0.0272358 8.48683 0.890434 0.455111 0.0104093 15.3221 -0.0216628 0.0195172 0.999669 0.48858
0.453328 -0.890945 0.0278274 8.89659 0.891163 0.453706 0.00958951 16.1606 -0.0211699 0.0204503 0.999667 0.471049
0.451928 -0.89164 0.0284203 9.30503 0.89189 0.4523 0.00877067 16.9999 -0.0206756 0.0213826 0.999663 0.453992
0.451195 -0.892006 0.0287024 9.73016 0.892256 0.451579 0.00913528 17.8188 -0.0211109 0.0214866 0.999657 0.444711
0.450976 -0.892125 0.0285212 10.1658 0.892314 0.45141 0.0118162 18.6374 -0.023417 0.0201197 0.99964 0.434117
0.451363 -0.891883 0.0300206 10.5937 0.892018 0.451902 0.0151451 19.4724 -0.0270745 0.0199417 0.999558 0.41421
0.452306 -0.891343 0.0319242 11.0376 0.89145 0.452944 0.0174633 20.3167 -0.030026 0.0205587 0.999467 0.386742
0.454507 -0.89012 0.0347922 11.4691 0.89031 0.455217 0.0167587 21.1778 -0.0307556 0.023357 0.99939 0.354153
0.456469 -0.889068 0.0361215 11.8881 0.889329 0.457186 0.0154141 22.0169 -0.0302188 0.0250857 0.999371 0.337036
0.457531 -0.888604 0.034198 12.2962 0.888921 0.4581 0.0116893 22.8718 -0.0260542 0.0250489 0.999496 0.324357
0.458683 -0.888091 0.0321827 12.7148 0.888438 0.459119 0.00830465 23.7192 -0.0221523 0.024781 0.999604 0.31873
0.459369 -0.887847 0.0291157 13.1781 0.888071 0.459788 0.0106191 24.5778 -0.0228165 0.0209774 0.999682 0.311533
0.459773 -0.887678 0.0280635 13.6454 0.887782 0.460245 0.0146449 25.4496 -0.025917 0.0181804 0.999668 0.300055
0.460181 -0.887505 0.0270131 14.113 0.88748 0.46069 0.0186711 26.3213 -0.0290159 0.0153817 0.999636 0.285549
0.458921 -0.887807 0.0368722 14.5583 0.888093 0.459649 0.0150746 27.1819 -0.030332 0.0258258 0.999389 0.254963
0.457474 -0.888312 0.0424296 15.003 0.888915 0.458209 0.00984674 28.0508 -0.0281894 0.033208 0.99924 0.252995
0.455962 -0.888999 0.0444187 15.4581 0.889811 0.45656 0.00455081 28.9194 -0.0243269 0.0374446 0.999199 0.233327
0.45388 -0.890144 0.042912 15.8898 0.890937 0.454383 0.00298588 29.7967 -0.0221581 0.0368722 0.999278 0.211605
0.45324 -0.890557 0.0412186 16.3442 0.89123 0.453793 0.00554729 30.7032 -0.0236465 0.0342173 0.999346 0.191778
0.452723 -0.890897 0.0396698 16.8086 0.891434 0.453349 0.00894926 31.5961 -0.0259583 0.0313087 0.999392 0.162356
0.45221 -0.891232 0.0381188 17.2726 0.891629 0.452894 0.0123504 32.4893 -0.0282716 0.028401 0.999423 0.130634
0.451153 -0.891816 0.037133 17.7275 0.892109 0.451881 0.0149763 33.3978 -0.0301361 0.0263689 0.999432 0.107348
0.450085 -0.892289 0.0388796 18.1798 0.892558 0.450925 0.0171665 34.3004 -0.032849 0.0269749 0.999338 0.105163
0.449593 -0.892437 0.0412672 18.6234 0.892721 0.450556 0.0186537 35.1967 -0.0352397 0.0284522 0.999223 0.0792677
0.449856 -0.892313 0.0412583 19.0666 0.892568 0.450839 0.0193821 36.1124 -0.0358949 0.0281058 0.999218 0.0654058
0.450121 -0.892235 0.0401939 19.5278 0.892481 0.451049 0.0187411 37.018 -0.0348503 0.027436 0.999282 0.0435913
0.450597 -0.892094 0.038131 19.9733 0.892329 0.451418 0.0173433 37.9213 -0.0326847 0.0262107 0.999396 0.0129232
0.449896 -0.892546 0.0359619 20.4028 0.892728 0.450645 0.0172257 38.8068 -0.0315809 0.0243555 0.999487 -0.00828051
0.448334 -0.893206 0.0391697 20.8502 0.893482 0.449176 0.0168262 39.6972 -0.0326233 0.0274541 0.999381 -0.0306158
0.447217 -0.893628 0.0424134 21.3072 0.894013 0.448151 0.0162818 40.5881 -0.0335571 0.0306363 0.999266 -0.0608012
0.447254 -0.893589 0.0430646 21.7361 0.89404 0.448164 0.0148152 41.4652 -0.0325386 0.0318748 0.99927 -0.0596297
0.447129 -0.89397 0.0361316 22.1411 0.894272 0.447775 0.0128874 42.3425 -0.0277009 0.0265506 0.99958 -0.0760409
0.446802 -0.894229 0.0339696 22.5809 0.894498 0.447365 0.0119308 43.2614 -0.0258672 0.0250573 0.999677 -0.109671
0.446306 -0.894542 0.032566 23.0315 0.894685 0.446908 0.0151624 44.1398 -0.0281181 0.0223729 0.999689 -0.12716
0.446246 -0.894512 0.0345036 23.481 0.894609 0.446971 0.0180184 45.0042 -0.0315393 0.0228305 0.999585 -0.133488
0.446004 -0.894501 0.0380719 23.8914 0.894709 0.446821 0.0171161 45.877 -0.032321 0.0264324 0.999481 -0.162119
0.44598 -0.894436 0.0401197 24.3296 0.894734 0.446831 0.0159387 46.7286 -0.0321822 0.0287906 0.999431 -0.185517
0.445605 -0.894582 0.04131 24.7643 0.894955 0.446452 0.0145135 47.5896 -0.0314259 0.0305055 0.999414 -0.187201
0.445146 -0.894786 0.0421135 25.19 0.895203 0.445995 0.0137628 48.4584 -0.0310968 0.0315757 0.999402 -0.201875
0.44382 -0.89535 0.044323 25.6175 0.895759 0.444816 0.0160899 49.329 -0.03412 0.0325638 0.999281 -0.236915
0.442558 -0.895698 0.0498432 26.0596 0.896159 0.443881 0.019685 50.1962 -0.0397521 0.035957 0.998967 -0.254073
0.441788 -0.896083 0.0500125 26.4766 0.896472 0.443182 0.0214879 51.0402 -0.0414145 0.0353435 0.998932 -0.286806
0.441659 -0.896211 0.0490988 26.843 0.896651 0.44294 0.0192991 51.9023 -0.0390397 0.0355027 0.999033 -0.297912
0.440644 -0.896853 0.0467377 27.2668 0.897391 0.441655 0.0141276 52.6952 -0.0333106 0.0357184 0.999245 -0.307041
0.439698 -0.897516 0.0431314 27.7017 0.898042 0.440462 0.0102016 53.5671 -0.0281543 0.0342504 0.999467 -0.329741
0.438786 -0.898265 0.0367176 28.0629 0.898522 0.439445 0.0125363 54.3991 -0.0273966 0.027496 0.999709 -0.354107
0.438132 -0.898688 0.0345925 28.4554 0.89879 0.438817 0.0157745 55.2152 -0.029355 0.024187 0.999752 -0.379865
0.437095 -0.899256 0.03344 28.8612 0.899225 0.43782 0.0190224 56.0157 -0.0317438 0.0217639 0.999748 -0.383092
0.436314 -0.899614 0.0345654 29.2111 0.899617 0.437066 0.0184793 56.7775 -0.0317284 0.0230411 0.999733 -0.395897
0.43468 -0.900382 0.0356979 29.5619 0.900403 0.435471 0.0185017 57.5337 -0.0322001 0.0241085 0.999707 -0.426865
0.433235 -0.901128 0.0349854 29.9274 0.901088 0.43403 0.0196162 58.3057 -0.0328567 0.0230358 0.999724 -0.438935
0.431969 -0.901756 0.035025 30.2982 0.901708 0.432768 0.0196022 59.0737 -0.032829 0.0231246 0.999736 -0.451216
0.430803 -0.902378 0.0339434 30.638 0.902247 0.431603 0.0210948 59.801 -0.0336793 0.0215487 0.999757 -0.457105
0.429803 -0.902951 0.0319298 30.99 0.902638 0.43061 0.0248465 60.5363 -0.0361758 0.0181554 0.99975 -0.495033
0.428715 -0.903521 0.0310573 31.328 0.903063 0.429548 0.0280779 61.2686 -0.0386983 0.0160245 0.999706 -0.525783
0.427578 -0.904057 0.0317719 31.6648 0.903499 0.428484 0.0306232 61.9974 -0.0412851 0.0156284 0.999622 -0.540411
0.425958 -0.904912 0.0298203 31.9719 0.904394 0.426758 0.0286348 62.6927 -0.0386256 0.0147893 0.999755 -0.529668
0.425047 -0.905522 0.0245538 32.2798 0.905049 0.425616 0.025165 63.3537 -0.033229 0.0115451 1.00001 -0.522102
0.423875 -0.906193 0.0206534 32.5793 0.905789 0.424286 0.0211822 63.9975 -0.0279529 0.00974925 1.0002 -0.528766
0.423546 -0.906401 0.019301 32.8783 0.906023 0.423906 0.0193207 64.6403 -0.0256904 0.00932509 1.00028 -0.571323
0.422991 -0.906694 0.0188371 33.1638 0.906225 0.423367 0.0221297 65.2746 -0.0280335 0.00773289 1.00025 -0.579998
0.421907 -0.907227 0.0187231 33.4297 0.906662 0.422304 0.024921 65.8767 -0.0305065 0.00648585 1.0002 -0.590429
0.420691 -0.90779 0.0200504 33.6875 0.907316 0.421107 0.0217717 66.4423 -0.0281999 0.00905722 1.00026 -0.570436
0.420898 -0.907582 0.025609 33.9526 0.90736 0.421367 0.0143722 66.9801 -0.0238314 0.0172086 1.00028 -0.579455
0.421966 -0.907085 0.02663 34.214 0.906974 0.422371 0.00950441 67.5314 -0.0198695 0.0201626 1.00033 -0.59004
0.425025 -0.905743 0.024492 34.4691 0.905594 0.425378 0.00860909 68.0517 -0.0182177 0.0185425 1.00041 -0.60979
0.428719 -0.904092 0.0220332 34.705 0.903824 0.429087 0.0118975 68.5835 -0.0202094 0.0148378 1.00044 -0.611391
0.432578 -0.902303 0.0210264 34.9577 0.901924 0.432982 0.0157084 69.1033 -0.0232727 0.0121957 1.00043 -0.616784
0.43764 -0.899783 0.0250218 35.1988 0.899373 0.438188 0.0184544 69.613 -0.0275592 0.0144545 1.0003 -0.612664
0.444522 -0.896195 0.0323563 35.4395 0.895869 0.445309 0.0193319 70.072 -0.0317188 0.0204191 1.00009 -0.622106
0.453601 -0.89175 0.0298188 35.6875 0.891309 0.454343 0.0207842 70.5395 -0.032066 0.0171777 1.00016 -0.617733
0.466738 -0.885085 0.0262439 35.9203 0.8845 0.467404 0.0229612 70.9794 -0.032571 0.0125266 1.00022 -0.628176
0.483159 -0.87638 0.0216871 36.1323 0.875651 0.483706 0.0253878 71.4023 -0.03272 0.00675822 1.00029 -0.63454
0.501911 -0.865821 0.0209371 36.3912 0.865004 0.502448 0.0272722 71.7915 -0.0341105 0.00445896 1.00027 -0.64978
0.524586 -0.85216 0.0258962 36.5989 0.851414 0.525287 0.0255117 72.214 -0.035319 0.00870117 1.00022 -0.670199
0.549387 -0.836326 0.0284059 36.8601 0.835539 0.550194 0.0264875 72.617 -0.0377531 0.00921923 1.00014 -0.668067
0.57751 -0.817155 0.0291448 37.0908 0.816275 0.578363 0.0282018 72.9327 -0.0398698 0.00754221 1.00008 -0.675245
0.60811 -0.794621 0.0303286 37.3267 0.793699 0.609015 0.0285806 73.2723 -0.0411468 0.00673202 1.00005 -0.688093
0.640561 -0.768669 0.0315583 37.5822 0.767696 0.64152 0.0290897 73.5913 -0.0425681 0.00563552 1.00002 -0.701794
0.675183 -0.738427 0.0322766 37.8689 0.737417 0.676169 0.0291371 73.9245 -0.0433005 0.0041723 1.00001 -0.715864
0.71159 -0.703484 0.0309074 38.1406 0.7024 0.712512 0.0298671 74.2095 -0.0429924 0.000502915 1.00005 -0.729229
0.749065 -0.663528 0.0291188 38.4138 0.662435 0.749901 0.0292946 74.4636 -0.0412348 -0.00260524 1.00014 -0.736422
0.786371 -0.618913 0.0280348 38.7107 0.617816 0.787152 0.0288081 74.6983 -0.0398593 -0.00528223 1.0002 -0.739851
0.823023 -0.569256 0.028264 39.032 0.568176 0.823806 0.0277115 74.9207 -0.0390215 -0.0066952 1.00025 -0.765522
0.857628 -0.515672 0.0278062 39.3434 0.514588 0.85838 0.0273422 75.0851 -0.0379312 -0.00908531 1.00029 -0.800377
0.889395 -0.458715 0.02778 39.7247 0.457684 0.890148 0.025444 75.2512 -0.0363652 -0.00985859 1.00036 -0.805029
0.91728 -0.400041 0.0278767 40.1062 0.399023 0.918028 0.0246743 75.3945 -0.0354286 -0.0114513 1.0004 -0.798133
0.940915 -0.340607 0.0296687 40.493 0.339556 0.941708 0.024634 75.5056 -0.0362942 -0.0130434 1.00037 -0.799186
0.960698 -0.279719 0.0321512 40.8361 0.278549 0.96153 0.0265307 75.5839 -0.0382956 -0.0164677 1.00026 -0.811988
0.976318 -0.21889 0.0334427 41.1934 0.217677 0.977161 0.0267525 75.6407 -0.0384938 -0.0187719 1.00024 -0.823223
0.987903 -0.158658 0.0334534 41.6021 0.157515 0.988752 0.0245995 75.6351 -0.0369416 -0.0189643 1.00031 -0.839895
0.995534 -0.100161 0.033877 42.0139 0.0991629 0.996449 0.0200942 75.6609 -0.0357337 -0.0165778 1.00042 -0.855207
0.999612 -0.0440839 0.0336824 42.3815 0.0430657 1.00048 0.0204947 75.6882 -0.0345679 -0.0189666 1.00044 -0.835595
1.00056 0.0109312 0.0332774 42.7557 -0.0120675 1.0013 0.0241076 75.6634 -0.0330238 -0.0244485 1.0004 -0.824128
0.998664 0.063294 0.0324366 43.1573 -0.0644594 0.999299 0.0257675 75.6553 -0.0307525 -0.027747 1.00041 -0.850993
0.99466 0.110431 0.0300021 43.5474 -0.111373 0.995329 0.0202987 75.6011 -0.0275973 -0.0234583 1.00063 -0.918962
0.988905 0.153738 0.0305752 43.9384 -0.154344 0.989791 0.00781176 75.4965 -0.029041 -0.0123791 1.00081 -0.935017
0.982177 0.19192 0.0326395 44.2685 -0.192401 0.983166 0.00259677 75.4173 -0.0315679 -0.00876731 1.0008 -0.91378
0.974588 0.227612 0.031832 44.6412 -0.228177 0.975507 0.00520259 75.3432 -0.0298462 -0.0122679 1.00084 -0.885745
0.966899 0.258705 0.0298699 45.0282 -0.259494 0.96759 0.0142962 75.3221 -0.0251861 -0.0215008 1.00083 -0.852697
0.95852 0.288448 0.0287776 45.4535 -0.289353 0.95901 0.0202812 75.2293 -0.0217347 -0.0276879 1.00078 -0.899503
0.950283 0.314873 0.0262502 45.862 -0.315728 0.950661 0.0214737 75.2096 -0.0181867 -0.0286148 1.00085 -0.918761
0.942634 0.337453 0.0228687 46.2394 -0.338144 0.943045 0.0170745 75.084 -0.0158044 -0.0237545 1.00104 -0.933926
0.935524 0.35724 0.0147814 46.6498 -0.357718 0.93589 0.0133642 74.8917 -0.00907481 -0.0177261 1.00128 -0.927132
0.928536 0.375323 0.00922729 47.0152 -0.375712 0.928833 0.014336 74.6755 -0.00321706 -0.0167178 1.00135 -0.939783
0.921741 0.391807 0.0101211 47.4607 -0.392222 0.921961 0.0176034 74.5101 -0.00246249 -0.0201308 1.00132 -0.938547
0.915402 0.406398 0.0138307 47.9029 -0.406894 0.915605 0.0181404 74.3408 -0.00531513 -0.0221646 1.00129 -0.950637
0.909349 0.419761 0.01697 48.3296 -0.420336 0.909531 0.0189667 74.1134 -0.00749366 -0.0243074 1.00125 -0.935992
0.903793 0.43168 0.017511 48.7717 -0.432232 0.904057 0.0144318 73.9341 -0.00962038 -0.0205433 1.00135 -0.937855
0.898691 0.442319 0.0172593 49.2005 -0.442831 0.899003 0.0104932 73.6768 -0.0108944 -0.0170087 1.00143 -0.943312
0.894149 0.451606 0.0152227 49.6395 -0.452065 0.894458 0.00785243 73.4295 -0.0100931 -0.0138438 1.00151 -0.941566
0.890549 0.458837 0.0129811 50.1185 -0.459266 0.890823 0.00705536 73.1536 -0.00835461 -0.0121894 1.00158 -0.960363
0.887741 0.464315 0.0141575 50.6298 -0.464778 0.887984 0.00837913 72.9115 -0.00870883 -0.0139603 1.00158 -0.959646
0.88566 0.468407 0.0130663 51.1225 -0.468864 0.885866 0.00860016 72.6371 -0.00757745 -0.0136859 1.00162 -0.945074
0.882997 0.473535 0.0121133 51.631 -0.473987 0.883168 0.00879269 72.3516 -0.0065683 -0.0134494 1.00166 -0.955348
0.880875 0.477563 0.0123964 52.1565 -0.478027 0.881023 0.0087621 72.0539 -0.00677166 -0.013588 1.00168 -0.965658
0.879439 0.480306 0.0123218 52.7145 -0.480774 0.879565 0.00842505 71.7519 -0.00682697 -0.0132781 1.00172 -0.962378
0.877897 0.483203 0.0130039 53.2553 -0.483695 0.877987 0.00950051 71.4394 -0.00686285 -0.0145729 1.00173 -0.966866
0.876805 0.485307 0.0121694 53.8538 -0.48578 0.876891 0.00736633 71.1266 -0.00713404 -0.0123177 1.00178 -0.978351
0.87635 0.486227 0.0123085 54.4528 -0.486704 0.876419 0.00662461 70.813 -0.00760459 -0.0117446 1.00182 -0.992624
0.876672 0.485759 0.012039 55.0442 -0.486236 0.876718 0.00594539 70.4816 -0.0077062 -0.0110164 1.00186 -0.992519
0.87773 0.483975 0.0110842 55.6829 -0.484433 0.877762 0.00368569 70.1106 -0.00798636 -0.00856072 1.00191 -0.989146
0.879803 0.480384 0.00692039 56.3334 -0.480774 0.879804 -0.00370092 69.7809 -0.00791142 -4.66662e-05 1.00198 -0.990147
0.882131 0.476204 0.00718959 56.9777 -0.476598 0.882103 -0.00428885 69.3781 -0.0084296 0.000379423 1.002 -0.995669
0.883805 0.473188 0.0080662 57.6388 -0.473579 0.883753 -0.00555085 69.0523 -0.00979925 0.0011063 1.00202 -1.01372
0.885908 0.469333 0.00915766 58.3424 -0.46973 0.885836 -0.00575816 68.6998 -0.0108578 0.000820022 1.00204 -1.02028
0.887993 0.465468 0.0102501 59.0476 -0.465872 0.887901 -0.00596073 68.3503 -0.0119177 0.000538354 1.00206 -1.02768
0.889823 0.461987 0.0137635 59.7759 -0.462454 0.889735 -0.00213581 67.9651 -0.0132716 -0.00443194 1.00207 -1.06283
0.891928 0.458035 0.0135136 60.4854 -0.458505 0.891807 -0.00259797 67.6053 -0.0132815 -0.00384855 1.0021 -1.05435
0.893317 0.455493 0.0115914 61.1839 -0.455984 0.893135 -0.000953068 67.226 -0.0108318 -0.0044038 1.00216 -1.03076
0.894155 0.454004 0.00997425 61.9634 -0.454551 0.89388 0.00572102 66.8675 -0.00637087 -0.00960684 1.0022 -1.0361
0.894427 0.453561 0.0110021 62.6547 -0.45417 0.894033 0.0129237 66.5446 -0.00403037 -0.0164956 1.00215 -1.03929
0.894406 0.453677 0.0126007 63.3624 -0.454339 0.89393 0.0160983 66.2006 -0.00401676 -0.0200528 1.00212 -1.04676
0.894649 0.453288 0.0136057 64.1068 -0.453975 0.894171 0.014837 65.814 -0.00549532 -0.0193814 1.00216 -1.04085
0.894801 0.453062 0.0149819 64.89 -0.453787 0.894299 0.0148775 65.4215 -0.00671169 -0.0200395 1.00217 -1.02341
0.894854 0.452975 0.0177567 65.63 -0.453795 0.894273 0.0179986 65.0503 -0.00777834 -0.0240798 1.00211 -1.01766
0.894867 0.45311 0.0166899 66.3813 -0.453912 0.89426 0.0174044 64.6757 -0.00709363 -0.0230693 1.00218 -1.01882
0.895129 0.452687 0.0174022 67.1112 -0.453533 0.894447 0.0194034 64.3302 -0.00683732 -0.0251729 1.00217 -1.01772
0.894887 0.453254 0.0181789 67.8231 -0.454154 0.894087 0.0228263 63.9794 -0.00596493 -0.0285837 1.00212 -1.00892
0.893759 0.455564 0.0188436 68.5866 -0.4565 0.89291 0.0235678 63.608 -0.00614717 -0.0295629 1.00212 -1.01811
0.892202 0.458575 0.0220844 69.31 -0.459651 0.891231 0.0270998 63.2403 -0.00731101 -0.0342098 1.002 -1.01186
0.889749 0.463231 0.0258371 70.0364 -0.464467 0.888725 0.0285925 62.8289 -0.00976902 -0.0373087 1.00191 -0.994928
0.887274 0.467998 0.0269814 70.8074 -0.469284 0.886253 0.0279559 62.4546 -0.0108799 -0.0373334 1.00193 -1.00902
0.883615 0.475059 0.0254643 71.537 -0.476274 0.882646 0.0251341 62.0978 -0.0105889 -0.0342142 1.00209 -1.02169
0.879315 0.483075 0.0254008 72.268 -0.484307 0.878301 0.0254946 61.6702 -0.0100487 -0.034595 1.00212 -1.00308
0.874465 0.491913 0.0250424 73.0239 -0.493149 0.873414 0.0255723 61.2792 -0.00935027 -0.0345866 1.00216 -0.995743
0.869735 0.500342 0.0247013 73.7204 -0.501574 0.868675 0.024777 60.8912 -0.00911933 -0.0338162 1.00223 -1.00698
0.86421 0.509804 0.0268887 74.3835 -0.511134 0.863117 0.0254718 60.5361 -0.0102798 -0.035626 1.00219 -0.989184
0.858225 0.519889 0.0271504 75.0925 -0.521229 0.857158 0.0238997 60.0936 -0.0109043 -0.0345356 1.00226 -0.977496
0.852141 0.529888 0.0271558 75.7951 -0.531233 0.851076 0.022897 59.6482 -0.011037 -0.0338125 1.00233 -0.971186
0.845949 0.539833 0.0265112 76.452 -0.541175 0.844836 0.0232029 59.2553 -0.00993301 -0.0338501 1.00238 -0.96532
0.840167 0.548829 0.0273534 77.0939 -0.550232 0.838976 0.0247649 58.8229 -0.00941972 -0.0357235 1.00236 -0.956989
0.835011 0.556782 0.0261775 77.7296 -0.558168 0.833732 0.0260509 58.3727 -0.00738757 -0.0362279 1.0024 -0.970234
0.829265 0.565457 0.0245242 78.3325 -0.566794 0.827969 0.0253748 57.9804 -0.00602803 -0.0348121 1.0025 -0.967383
0.824134 0.572972 0.0249462 78.9566 -0.57434 0.822791 0.0258768 57.5515 -0.00577139 -0.0355194 1.00251 -0.96486
0.818935 0.580439 0.0253727 79.5768 -0.581839 0.817545 0.026375 57.1169 -0.00550833 -0.0362244 1.00253 -0.962141
0.813749 0.58777 0.0252611 80.1654 -0.58917 0.812385 0.0247207 56.6594 -0.00606594 -0.0348674 1.00262 -0.944134
0.808808 0.594613 0.0256274 80.7626 -0.596026 0.807476 0.0229433 56.2196 -0.00712463 -0.033704 1.00269 -0.932451
0.805307 0.599415 0.0259416 81.3978 -0.600827 0.804042 0.0199427 55.7802 -0.00897528 -0.0315287 1.00279 -0.926109
0.803184 0.602256 0.0279235 81.9789 -0.603739 0.801913 0.0196822 55.3445 -0.0106073 -0.032544 1.00278 -0.929706
0.801899 0.604087 0.0272642 82.5623 -0.605515 0.800705 0.0157534 54.8852 -0.0123806 -0.0290353 1.00291 -0.928554
0.800576 0.605923 0.0274122 83.1231 -0.607349 0.799383 0.0145037 54.4863 -0.0131903 -0.0281581 1.00297 -0.955128
0.800443 0.606233 0.0265277 83.6259 -0.607626 0.799235 0.0132454 54.1131 -0.0132383 -0.0266267 1.00306 -0.938087
0.800868 0.605838 0.0248932 84.1504 -0.607175 0.799645 0.0115151 53.7139 -0.012997 -0.0242543 1.00316 -0.927633
0.803259 0.60281 0.0239618 84.6951 -0.604144 0.80195 0.0129455 53.2842 -0.0114837 -0.0247901 1.00321 -0.921546
0.806467 0.598575 0.0251344 85.2279 -0.599975 0.805054 0.0158622 52.901 -0.0108131 -0.0277717 1.00318 -0.923291
0.810637 0.593049 0.0247951 85.7358 -0.594444 0.809165 0.0163558 52.5329 -0.0104385 -0.0278966 1.00323 -0.919645
0.817392 0.583833 0.02488 86.2097 -0.585234 0.815853 0.0172129 52.2005 -0.010325 -0.0285254 1.00326 -0.922088
0.825433 0.572569 0.024464 86.7003 -0.573966 0.823795 0.0189669 51.8855 -0.0093724 -0.0295865 1.00328 -0.918982
0.835347 0.558255 0.0223324 87.1534 -0.559574 0.833656 0.0184538 51.5877 -0.00839744 -0.0278107 1.00339 -0.910391
0.846768 0.541027 0.0203379 87.6049 -0.542277 0.845005 0.0187069 51.2839 -0.00714992 -0.0267736 1.00347 -0.898232
0.860135 0.519768 0.0187864 88.0628 -0.520972 0.858222 0.0219131 51.0255 -0.00482444 -0.0285294 1.00349 -0.890046
0.874576 0.495371 0.0168495 88.5966 -0.4965 0.872554 0.0235543 50.7557 -0.00313001 -0.0288575 1.00353 -0.878251
0.890361 0.466684 0.0157369 89.0799 -0.467747 0.888303 0.0227068 50.5435 -0.00347869 -0.0274778 1.00362 -0.883897
0.907097 0.433498 0.0165999 89.6156 -0.434543 0.904994 0.022322 50.3216 -0.00544006 -0.0273618 1.00366 -0.902055
0.924678 0.394768 0.0199158 90.1137 -0.395853 0.922547 0.0222473 50.1746 -0.00967719 -0.0283497 1.00365 -0.909912
0.941613 0.352646 0.0228304 90.6028 -0.353756 0.939463 0.0223762 49.9814 -0.0136369 -0.0290362 1.00364 -0.919785
0.957748 0.306112 0.0278132 91.1289 -0.307329 0.955592 0.0239924 49.8953 -0.0193026 -0.0314018 1.00352 -0.930032
0.972406 0.255793 0.031522 91.6347 -0.257079 0.970258 0.0254268 49.8364 -0.0241402 -0.0326955 1.00343 -0.921581
0.985619 0.1994 0.0319672 92.1064 -0.200615 0.983455 0.0258733 49.7589 -0.0263349 -0.0317863 1.00345 -0.941917
0.996034 0.139598 0.0295016 92.6194 -0.14056 0.99388 0.0230898 49.7167 -0.026154 -0.0270473 1.00364 -0.925836
1.00318 0.0750604 0.0250318 93.1694 -0.075772 1.00093 0.022352 49.7465 -0.0234398 -0.0242401 1.00383 -0.924072
1.00615 0.00677996 0.0202365 93.634 -0.00720987 1.00384 0.0199777 49.7681 -0.0202489 -0.0201933 1.00404 -0.909934
1.0044 -0.0619569 0.0160999 94.1176 0.061712 1.00199 0.0210053 49.8321 -0.0175103 -0.0200515 1.00415 -0.919486
0.997743 -0.131705 0.0126169 94.6176 0.131628 0.995257 0.0223015 49.9501 -0.0155765 -0.0205338 1.00422 -0.93979
0.986189 -0.200874 0.0108871 95.0788 0.200949 0.983695 0.0221395 50.0859 -0.015241 -0.0195951 1.00429 -0.962966
0.969891 -0.268777 0.0105403 95.5287 0.269009 0.967459 0.0197552 50.2314 -0.0155922 -0.0162962 1.0044 -0.981101
0.949219 -0.33437 0.0138465 95.9754 0.334668 0.946881 0.0196372 50.4121 -0.0197543 -0.0139917 1.00441 -0.959504
0.924299 -0.397768 0.0200829 96.3844 0.398076 0.922142 0.0208203 50.63 -0.026863 -0.0112519 1.00433 -0.986816
0.895908 -0.457814 0.0249657 96.7866 0.458072 0.893924 0.0246756 50.8632 -0.0336606 -0.0106743 1.00419 -0.97895
0.865202 -0.513172 0.0292505 97.2017 0.51338 0.863422 0.0280711 51.1406 -0.0396927 -0.00928055 1.00404 -1.01246
0.833962 -0.562307 0.0317088 97.5295 0.562466 0.832346 0.0313541 51.4146 -0.0440442 -0.00832701 1.00392 -1.01414
0.804218 -0.603938 0.0332711 97.8757 0.603975 0.802731 0.0357342 51.6607 -0.0482979 -0.00865176 1.00377 -1.00607
0.775986 -0.639863 0.0313499 98.2261 0.639748 0.774453 0.0407645 51.9403 -0.0503635 -0.0115617 1.00369 -1.03424
0.751824 -0.668265 0.026995 98.5601 0.668169 0.750143 0.0424361 52.2932 -0.048612 -0.013835 1.00381 -1.05196
0.731273 -0.690866 0.0225036 98.8712 0.690889 0.729465 0.0417535 52.6863 -0.0452728 -0.0149453 1.004 -1.10836
0.71578 -0.706836 0.0255537 99.1999 0.707005 0.714212 0.0377524 53.0414 -0.04495 -0.00895791 1.00414 -1.12467
0.704487 -0.71804 0.0284155 99.5039 0.718235 0.703098 0.0364968 53.3821 -0.0461968 -0.00532902 1.00417 -1.11511
0.694588 -0.727718 0.0274644 99.8366 0.727822 0.693181 0.0382845 53.7392 -0.0469056 -0.00661799 1.00418 -1.12202
0.687391 -0.734783 0.0217675 100.165 0.734693 0.685702 0.0431829 54.1117 -0.0466585 -0.0136529 1.00418 -1.16347
0.683142 -0.738946 0.0169796 100.524 0.73878 0.681218 0.0457062 54.5258 -0.0453433 -0.0186036 1.00422 -1.19463
0.680831 -0.741306 0.00915787 100.847 0.741146 0.678522 0.0486048 54.9486 -0.042251 -0.0261719 1.00424 -1.2197
0.681037 -0.741236 0.00783558 101.209 0.741123 0.678725 0.0471149 55.3833 -0.0402536 -0.0261463 1.00438 -1.22331
0.683295 -0.739274 0.00721385 101.553 0.739266 0.681058 0.0434119 55.7453 -0.0370308 -0.0242107 1.00461 -1.26509
0.685943 -0.736945 0.00557136 101.951 0.737141 0.683806 0.0368696 56.1317 -0.0310294 -0.0210895 1.00494 -1.28632
0.688955 -0.734268 9.96972e-05 102.38 0.734585 0.686712 0.0349954 56.5821 -0.0258308 -0.0239234 1.00508 -1.28341
0.692476 -0.731068 -0.00130857 102.803 0.731292 0.690135 0.0377144 57.0495 -0.0267288 -0.0269336 1.00504 -1.27761
0.69604 -0.727795 -0.00169022 103.21 0.727836 0.693552 0.0426428 57.4973 -0.0299066 -0.0307372 1.0049 -1.32021
0.699729 -0.724374 -0.000305373 103.65 0.724178 0.697154 0.0469686 57.9569 -0.0338347 -0.0328895 1.00477 -1.33168
0.70293 -0.721367 0.00562062 104.08 0.720882 0.700533 0.0483212 58.4352 -0.0388003 -0.0297336 1.00475 -1.3814
0.705343 -0.719058 0.0116254 104.541 0.718294 0.703161 0.0496406 58.8635 -0.0438541 -0.0264988 1.00469 -1.41798
0.70758 -0.716899 0.0157683 104.984 0.71614 0.705674 0.0460068 59.3244 -0.0440973 -0.0211343 1.00487 -1.43835
0.708097 -0.716447 0.0182628 105.469 0.715798 0.706399 0.0411421 59.8253 -0.0423762 -0.0159717 1.0051 -1.46668
0.708376 -0.716351 0.0156415 105.94 0.715978 0.706698 0.0335599 60.3462 -0.0351301 -0.0125174 1.00549 -1.45849
0.707383 -0.717564 0.00893057 106.409 0.717264 0.705516 0.032749 60.7721 -0.029856 -0.0166758 1.00566 -1.47974
0.705762 -0.719316 0.00459171 106.889 0.719076 0.703812 0.0315391 61.2981 -0.0259904 -0.0188579 1.0058 -1.48992
0.703886 -0.721267 0.00466592 107.398 0.720875 0.701883 0.0352432 61.8508 -0.0287497 -0.02132 1.00574 -1.52007
0.702703 -0.722474 0.0107262 107.929 0.721776 0.70083 0.0392844 62.3775 -0.0359182 -0.0197413 1.00561 -1.53434
0.70081 -0.724368 0.0143001 108.443 0.723371 0.699001 0.0438909 62.9079 -0.041775 -0.0202794 1.00544 -1.57693
0.698952 -0.726278 0.0144848 108.985 0.725275 0.697195 0.0426926 63.4778 -0.0410946 -0.0192058 1.00556 -1.59581
0.697038 -0.728293 0.011414 109.505 0.727376 0.695219 0.0407155 64.0491 -0.0375939 -0.0199453 1.00575 -1.6058
0.695136 -0.730323 -0.000584378 110.019 0.729545 0.692844 0.0439307 64.6322 -0.0317032 -0.0307525 1.00574 -1.63175
0.692351 -0.733083 0.00227968 110.543 0.732342 0.69032 0.0384097 65.1952 -0.0297733 -0.0247574 1.00604 -1.65702
0.688907 -0.736444 0.00164246 111.122 0.735655 0.686868 0.0388456 65.7648 -0.0297761 -0.0253789 1.00609 -1.69416
0.686258 -0.739027 0.00441604 111.673 0.738135 0.684336 0.0383353 66.403 -0.0313858 -0.0228887 1.00617 -1.70412
0.685169 -0.740127 0.00862667 112.218 0.739065 0.683391 0.039086 67.0179 -0.0348381 -0.0202585 1.00619 -1.72843
0.684332 -0.740997 0.0111108 112.785 0.739792 0.682643 0.0401795 67.6057 -0.0373559 -0.019133 1.00619 -1.77137
0.68327 -0.742063 0.0136704 113.36 0.740773 0.681709 0.0397243 68.2029 -0.0387877 -0.0168856 1.00625 -1.80113
0.683555 -0.741936 0.0135716 113.902 0.740557 0.681999 0.0405416 68.8238 -0.0393193 -0.0175237 1.00629 -1.84485
0.683684 -0.741941 0.014098 114.459 0.740555 0.682197 0.0389936 69.4384 -0.0385381 -0.016091 1.00641 -1.84254
0.683834 -0.742034 0.00772409 115.056 0.740648 0.682105 0.0406639 70.0819 -0.0354429 -0.0219151 1.00649 -1.86289
0.685248 -0.74091 0.000874716 115.584 0.739508 0.683209 0.0444792 70.7254 -0.0335532 -0.0296005 1.00643 -1.87789
0.687421 -0.739029 -0.00356568 116.169 0.737536 0.685083 0.0497165 71.3714 -0.0342827 -0.0365148 1.00625 -1.89047
0.688887 -0.7378 -0.00435926 116.763 0.736168 0.686426 0.0528573 71.9787 -0.0359715 -0.0393019 1.00616 -1.93451
0.69076 -0.73619 -0.00423649 117.353 0.73451 0.688343 0.0523985 72.6037 -0.0356261 -0.038985 1.00625 -1.95223
0.692442 -0.734742 -0.00573663 117.958 0.733104 0.690046 0.0511097 73.2392 -0.0335741 -0.0392711 1.00638 -1.96758
0.69351 -0.733895 -0.00187705 118.58 0.73218 0.691401 0.0474224 73.8984 -0.033493 -0.0339751 1.00665 -2.00533
0.694071 -0.733507 0.00175893 119.188 0.731742 0.692222 0.0436754 74.532 -0.0332503 -0.0287775 1.00689 -2.02836
0.69501 -0.732753 0.00397006 119.799 0.730929 0.69331 0.0417705 75.2169 -0.0333588 -0.0258993 1.00704 -2.0305
0.69609 -0.731875 0.00344763 120.426 0.729936 0.694342 0.0437761 75.8689 -0.0344184 -0.0277065 1.00703 -2.06391
0.69718 -0.730974 0.00485735 121.054 0.728748 0.695361 0.0488441 76.4982 -0.039024 -0.0302331 1.00687 -2.13234
0.698123 -0.73021 0.00611577 121.647 0.727665 0.696211 0.0541652 77.1389 -0.0437068 -0.0330494 1.00666 -2.14966
0.699339 -0.729211 0.00356068 122.192 0.726864 0.697485 0.0498304 77.7463 -0.0387581 -0.0319593 1.00697 -2.15626
0.70015 -0.728588 -0.00232591 122.751 0.726734 0.69848 0.038042 78.3214 -0.0261423 -0.0280743 1.00756 -2.17137
0.699986 -0.728886 -0.00431416 123.326 0.727204 0.698503 0.0299345 78.9084 -0.0189247 -0.0238834 1.0079 -2.16275
0.699386 -0.729624 0.000158315 123.924 0.727676 0.697917 0.034421 79.553 -0.0252886 -0.0237375 1.00784 -2.18611
0.697666 -0.731287 0.0137643 124.557 0.728604 0.696432 0.0453972 80.1844 -0.0426962 -0.0214066 1.00739 -2.24398
0.696854 -0.731908 0.0250928 125.163 0.728468 0.696015 0.0547398 80.8146 -0.0573096 -0.0196143 1.00678 -2.28224
0.696391 -0.732604 0.0219258 125.747 0.729411 0.695491 0.0501859 81.4242 -0.0518433 -0.0187193 1.00716 -2.31159
0.695564 -0.733826 0.00871391 126.313 0.731071 0.694191 0.0454867 82.0406 -0.0393568 -0.0250023 1.00766 -2.29165
0.694344 -0.735191 0.000710327 126.897 0.732711 0.692807 0.0419223 82.6521 -0.0313088 -0.0283076 1.00793 -2.32732
0.693517 -0.736128 -0.000206389 127.444 0.733639 0.692001 0.0410008 83.2822 -0.0300455 -0.0283049 1.00804 -2.33948
0.691343 -0.738331 0.000710601 128.026 0.735692 0.689821 0.0429727 83.8792 -0.0322012 -0.0288923 1.00804 -2.35296
0.688791 -0.740875 -0.000208212 128.564 0.738182 0.687248 0.0434658 84.4987 -0.0320406 -0.0297884 1.00809 -2.34687
0.685427 -0.744141 -0.00389388 129.113 0.741501 0.683796 0.0433459 85.1221 -0.0295916 -0.0322748 1.00817 -2.36779
0.682352 -0.74708 -0.00904453 129.69 0.744479 0.680504 0.0459315 85.7433 -0.0281603 -0.0377066 1.0081 -2.40567
0.679921 -0.749423 -0.0114712 130.24 0.746777 0.677925 0.0485323 86.3438 -0.0285823 -0.0411625 1.00803 -2.40411
0.67952 -0.749949 -0.0111948 130.809 0.747142 0.677443 0.0513663 86.9882 -0.030897 -0.0428429 1.00797 -2.4116
0.67863 -0.750955 -0.00802092 131.358 0.747899 0.676619 0.0528721 87.6451 -0.0342025 -0.0414532 1.00801 -2.46276
0.676861 -0.752729 -0.00606295 131.899 0.749532 0.674948 0.0527613 88.2402 -0.035535 -0.0398358 1.0081 -2.48938
0.675499 -0.7541 -0.0077761 132.453 0.751028 0.6737 0.0490143 88.8525 -0.0316778 -0.0385428 1.00836 -2.48799
0.672692 -0.756779 -0.00696027 132.999 0.753781 0.671143 0.0433291 89.4732 -0.0281218 -0.034028 1.00871 -2.5047
0.667856 -0.761233 -0.00547188 133.539 0.758173 0.666428 0.0413663 90.0866 -0.0278529 -0.0314279 1.00888 -2.5071
0.662435 -0.766138 -0.00298287 134.066 0.76285 0.661006 0.044267 90.7113 -0.0319062 -0.031241 1.00884 -2.54283
0.657668 -0.770396 0.00395251 134.606 0.766737 0.656416 0.0472034 91.3486 -0.0388496 -0.0276657 1.00879 -2.58902
0.654404 -0.773325 0.00587199 135.141 0.769218 0.653033 0.0549272 91.9453 -0.0461059 -0.0310323 1.00847 -2.65794
0.650694 -0.776616 0.00610259 135.637 0.772186 0.649191 0.0601158 92.5631 -0.0503823 -0.0339715 1.00825 -2.66044
0.64722 -0.779703 0.00268358 136.143 0.775437 0.645662 0.0577073 93.2064 -0.0465011 -0.0348333 1.00849 -2.69294
0.642163 -0.784052 0.00129399 136.671 0.780073 0.640803 0.0504619 93.8413 -0.0402487 -0.0310028 1.00896 -2.66346
0.636886 -0.78852 0.000898786 137.179 0.784778 0.635757 0.0424499 94.4776 -0.0339843 -0.0259908 1.00941 -2.68948
0.632153 -0.792495 -0.000517537 137.695 0.788741 0.631012 0.0418341 95.1096 -0.0327785 -0.0265099 1.00952 -2.74006
0.62579 -0.7977 -0.00396013 138.211 0.793746 0.624348 0.0486002 95.8029 -0.0361866 -0.0331464 1.0093 -2.73796
0.619346 -0.802872 -0.00715708 138.721 0.798839 0.617691 0.0518375 96.4905 -0.0370645 -0.0373707 1.0092 -2.75662
0.612792 -0.808022 -0.0111092 139.172 0.804185 0.611152 0.0482519 97.1408 -0.0321249 -0.0380519 1.00943 -2.7849
0.605545 -0.81363 -0.0124227 139.695 0.809868 0.604001 0.0449259 97.835 -0.0290168 -0.0368283 1.00966 -2.79198
0.59914 -0.818549 -0.0114426 140.194 0.814671 0.597629 0.0452447 98.5265 -0.030149 -0.0359925 1.00974 -2.8318
0.592939 -0.823252 -0.00966928 140.689 0.819004 0.591248 0.0522088 99.2057 -0.0371151 -0.0383969 1.00951 -2.87287
0.586086 -0.828332 -0.00884926 141.171 0.823726 0.584196 0.0585306 99.9048 -0.0430737 -0.0410726 1.00925 -2.88804
0.579596 -0.833065 -0.00860885 141.668 0.828339 0.577703 0.0593817 100.625 -0.0442363 -0.0410201 1.00929 -2.92823
0.574355 -0.836865 -0.00834186 142.123 0.831948 0.572403 0.0617399 101.315 -0.0465951 -0.0418543 1.00924 -2.95917
0.570522 -0.839656 -0.00828088 142.595 0.834652 0.568594 0.0619844 101.997 -0.0470289 -0.0417235 1.00931 -2.97421
0.566515 -0.842478 -0.0130269 143.063 0.837671 0.564467 0.0604893 102.724 -0.0433405 -0.0446081 1.00944 -2.97091
0.563976 -0.844196 -0.0207553 143.502 0.839789 0.561788 0.0576174 103.423 -0.036792 -0.0493233 1.00956 -2.99319
0.560909 -0.846315 -0.0242795 143.965 0.842092 0.558748 0.0552217 104.111 -0.0330288 -0.0508085 1.0097 -3.04236
0.558381 -0.848178 -0.0234827 144.435 0.843646 0.555999 0.060712 104.85 -0.0382138 -0.0530616 1.0095 -3.07288
0.55561 -0.850243 -0.0204486 144.9 0.845104 0.552922 0.0694636 105.564 -0.0473849 -0.0551784 1.00909 -3.11807
0.553154 -0.852065 -0.0181164 145.359 0.8464 0.550266 0.0758596 106.287 -0.0541885 -0.0565624 1.00876 -3.14546
0.548372 -0.855398 -0.0142939 145.774 0.849723 0.54599 0.0707019 106.955 -0.0522341 -0.0502343 1.00928 -3.19089
0.544512 -0.85812 -0.00744909 146.221 0.852706 0.543059 0.0575849 107.62 -0.0450676 -0.0371472 1.01028 -3.21806
0.539163 -0.861655 -0.00911788 146.636 0.856432 0.537837 0.0527427 108.317 -0.0403139 -0.0357045 1.01062 -3.22389
0.533183 -0.865463 -0.015277 147.073 0.860327 0.531564 0.0546268 109.026 -0.0389321 -0.0416761 1.01053 -3.26817
0.526858 -0.869529 -0.0140693 147.533 0.863965 0.525007 0.0617379 109.766 -0.0459507 -0.0440464 1.01023 -3.31123
0.520092 -0.873822 -0.0107141 147.962 0.867946 0.518341 0.0636243 110.488 -0.049639 -0.0417583 1.01025 -3.34141
0.514617 -0.877294 -0.00246289 148.413 0.871151 0.513395 0.0613812 111.206 -0.0521565 -0.0331637 1.01053 -3.41853
0.509842 -0.88025 0.00285658 148.808 0.874025 0.509011 0.058557 111.934 -0.0525738 -0.0268373 1.01079 -3.43818
0.504061 -0.883707 0.00913149 149.271 0.877667 0.503743 0.0507498 112.697 -0.0490992 -0.0171342 1.01126 -3.42282
0.498605 -0.886944 0.0117787 149.651 0.881367 0.498589 0.037863 113.361 -0.0392883 -0.00816388 1.01189 -3.44337
0.492619 -0.89044 0.0134184 150.061 0.88503 0.492721 0.0311494 114.063 -0.0342753 -0.00319022 1.01219 -3.48901
0.486332 -0.894094 0.0118048 150.519 0.888386 0.486358 0.0377945 114.911 -0.0393601 -0.00756538 1.01207 -3.51239
0.48151 -0.896872 0.0122505 150.908 0.890518 0.481452 0.0506594 115.679 -0.0509427 -0.0130804 1.0116 -3.57683
0.47761 -0.89912 0.0129236 151.321 0.892233 0.477501 0.0590548 116.45 -0.058729 -0.0162245 1.01123 -3.62842
0.474442 -0.900956 0.0137829 151.756 0.893904 0.474401 0.0604596 117.233 -0.060435 -0.0159114 1.01123 -3.63746
0.473067 -0.901884 0.0112951 152.145 0.895383 0.473088 0.0497403 117.998 -0.0498184 -0.013013 1.01193 -3.6281
0.469799 -0.903842 0.00100643 152.442 0.897712 0.469502 0.0433892 118.725 -0.0394717 -0.0190478 1.01238 -3.64957
0.468025 -0.904926 -0.00443429 152.852 0.898871 0.467585 0.0425113 119.495 -0.036224 -0.0234172 1.01251 -3.681
0.466852 -0.905701 0.00403082 153.204 0.899478 0.466806 0.0407694 120.316 -0.0386071 -0.0150072 1.01267 -3.74802
0.465367 -0.906621 0.00676164 153.633 0.899932 0.465356 0.0490358 121.049 -0.0472373 -0.0163019 1.01239 -3.80678
0.465719 -0.906606 0.0071994 154.055 0.899467 0.465656 0.0564131 121.787 -0.053992 -0.0193213 1.0121 -3.83229
0.4642 -0.907571 0.00598107 154.362 0.900395 0.464125 0.0561421 122.605 -0.0532305 -0.0201923 1.01222 -3.8598
0.462599 -0.908584 0.00250825 154.809 0.901748 0.462543 0.0489916 123.378 -0.0453209 -0.0199361 1.0127 -3.87042
0.460461 -0.90985 0.00241953 155.248 0.903364 0.460628 0.0383773 124.113 -0.035869 -0.0150812 1.01326 -3.89397
0.459612 -0.910371 0.0122586 155.586 0.9041 0.460243 0.0270431 124.89 -0.0302364 -0.00107505 1.01365 -3.94624
0.4579 -0.911417 0.0121187 155.988 0.904935 0.458563 0.0312867 125.679 -0.0339674 -0.00306374 1.01363 -3.96433
0.456131 -0.912509 0.0103834 156.388 0.905518 0.456701 0.0428807 126.468 -0.0435574 -0.0097822 1.01333 -4.01231
0.455359 -0.913026 0.0139158 156.745 0.90579 0.456116 0.0458929 127.263 -0.047848 -0.00792481 1.01325 -4.02064
0.454715 -0.913529 0.0139065 157.146 0.906333 0.455544 0.0432897 128.033 -0.0455252 -0.00672775 1.01347 -4.03468
0.454977 -0.913554 0.0151637 157.488 0.906553 0.45595 0.0367145 128.748 -0.0402113 -0.00265181 1.01382 -4.023
0.454902 -0.913832 0.0109703 157.836 0.906771 0.455771 0.0366954 129.558 -0.0383173 -0.00641152 1.01398 -4.06635
0.453864 -0.914562 0.00818959 158.251 0.907232 0.454628 0.0420807 130.344 -0.0419035 -0.0112853 1.0139 -4.11717
0.453158 -0.91512 0.00480853 158.644 0.907539 0.453761 0.0471475 131.136 -0.0449428 -0.0165644 1.01381 -4.15766
0.453448 -0.915152 0.0052013 159.003 0.907376 0.454089 0.0495568 131.896 -0.047273 -0.0173021 1.0138 -4.18973
0.45273 -0.915702 0.00310245 159.351 0.907848 0.453313 0.0503202 132.635 -0.047039 -0.0194948 1.01387 -4.2228
0.452517 -0.91599 0.00280544 159.722 0.908204 0.453205 0.0471204 133.37 -0.0440498 -0.0183192 1.01414 -4.22197
0.451212 -0.916825 -0.00191197 160.083 0.909155 0.451806 0.0445524 134.155 -0.0396843 -0.0213655 1.01436 -4.23242
0.450333 -0.917411 -0.00809558 160.452 0.909726 0.450688 0.046701 134.935 -0.0388972 -0.0278624 1.01434 -4.29314
0.44841 -0.918576 -0.00235973 160.793 0.910377 0.448885 0.0532644 135.669 -0.0473808 -0.0254999 1.01416 -4.31293
0.446803 -0.919549 0.00247046 161.148 0.910797 0.447407 0.060176 136.397 -0.0557608 -0.0240971 1.01388 -4.39532
0.445922 -0.920081 0.0124228 161.528 0.911283 0.447209 0.0562064 137.079 -0.0565861 -0.0132947 1.01415 -4.43825
0.445437 -0.920514 0.0119644 161.834 0.911835 0.446804 0.0525587 137.755 -0.0531177 -0.0120707 1.01446 -4.38643
0.44634 -0.920321 0.0063925 162.198 0.911789 0.447538 0.0494997 138.385 -0.0479143 -0.0158102 1.01478 -4.41594
0.447367 -0.92002 0.00443875 162.439 0.911696 0.448637 0.0435891 139.061 -0.0417326 -0.0150165 1.01517 -4.43326
0.448357 -0.919716 0.00576461 162.792 0.911466 0.449808 0.0391418 139.749 -0.0383127 -0.0118917 1.01545 -4.4512
0.450265 -0.918966 0.00555605 163.073 0.910761 0.451824 0.03566 140.378 -0.0350767 -0.0106099 1.01569 -4.44812
0.454538 -0.917022 0.00630329 163.372 0.908783 0.456232 0.0341709 140.972 -0.0340311 -0.0094299 1.01585 -4.46671
0.45997 -0.914442 0.00943216 163.706 0.90598 0.461851 0.0375044 141.603 -0.0383652 -0.008334 1.01582 -4.47301
0.465147 -0.911952 0.011834 163.974 0.903069 0.467161 0.0452451 142.209 -0.0463016 -0.00995891 1.01559 -4.52364
0.47092 -0.90917 0.0097943 164.277 0.899888 0.472849 0.0524415 142.807 -0.051673 -0.0154242 1.01538 -4.53954
